input
    {
    N = 4
    Npart = 10
    U=0.0
    t1 = 0.0
    t2 = 0.0
    pin =-1.0
    V1 = 0.0

    nsweeps = 29
    sweeps
        {
        maxm  minm  cutoff  niter  noise
        50    10    1E-12   2      1E-7
        50    10    1E-12   2      0
        50    10    1E-12   2      0
        50    10    1E-12   2      0
        50    10    1E-12   2      0
        50    10    1E-12   2      0
        50    10    1E-12   2      0
        80   20    1E-12   2      1E-8
        80   20    1E-12   2      0
        80   20    1E-12   2      0
        80   20    1E-12   2      0
        80   20    1E-12   2      0
        80   20    1E-12   2      0
        80   20    1E-12   2      0
        100   20    1E-12   2      1E-8
        100   20    1E-12   2      0
        100   20    1E-12   2      0
        100   20    1E-12   2      0
        100   20    1E-12   2      0
        100   20    1E-12   2      0
        100   20    1E-12   2      0
        200   20    1E-12   2      1E-10
        200   20    1E-12   2      0
        200   20    1E-12   2      0
        200   20    1E-12   2      0
        400   20    1E-12   2      1E-12
        400   20    1E-12   2      0
        800   20    1E-12   2      0
        800   20    1E-12   2      0
        }

    quiet = yes
    }
