input
    {
    N = 128
    Npart=N
    NEex=4
    wei1=100.0
    t1 = 1.0
    pinNup = 0.0
    pinNdn = 0.0
    pinSz= 0.0
    pinSx=0.0
    pinSy=0.0
    U = 20.0
    Jz=1.0
    Jxx=0.0
    mu=0.0
    hx=0.1
    hz=0.0
    hzr = 0.0
    hxr = 0.0
    nr = 0.01
    writestates=false
    nsweeps =222
    sweeps
        {
        maxm  minm  cutoff  niter  noise
        50    10    1E-8  2      1E-7
        50    10    1E-8   2      0
        50    10    1E-8   2      0
        50    10    1E-8   2      0
        50    10    1E-8   2      0
        50    10    1E-8   2      0
        50    10    1E-8   2      0
        50    10    1E-8   2      0
        50    10    1E-8   2      0
        50    10    1E-8   2      0
        50    10    1E-8   2      0
        50    10    1E-8   2      0
        50    10    1E-8   2      0
        50    10    1E-8   2      0
        50    10    1E-8   2      0
        50    10    1E-8   2      0
        50    10    1E-8   2      0
        50    10    1E-8   2      0
        50    10    1E-8   2      0
        50    10    1E-8   2      0
        50    10    1E-8   2      0
        50    10    1E-8   2      0
        50    10    1E-8   2      0
        50    10    1E-8   2      0
        50    10    1E-8   2      0
        50    10    1E-8   2      0
        50    10    1E-8   2      0
        50    10    1E-8   2      0
        50    10    1E-8   2      0
        50    10    1E-8   2      0
        50    10    1E-8   2      0
        50    10    1E-8   2      0
        50    10    1E-8   2      0
        50    10    1E-8   2      0
        50    10    1E-8   2      0
        50    10    1E-8   2      0
        50    10    1E-8   2      0
        50    10    1E-8   2      0
        50    10    1E-8   2      0
        50    10    1E-8   2      0
        50    10    1E-8   2      0
        50    10    1E-8   2      0
        50    10    1E-8   2      0
        50    10    1E-8   2      0
        50    10    1E-8   2      0
        50    10    1E-8   2      0
        50    10    1E-8   2      0
        50    10    1E-8   2      0
        50    10    1E-8   2      0
        80   20    1E-8   2      1E-8
        80   20    1E-8   2      0
        80   20    1E-8   2      0
        80   20    1E-8   2      0
        80   20    1E-8   2      0
        80   20    1E-8   2      0
        80   20    1E-8   2      0
        80   20    1E-8   2      0
        80   20    1E-8   2      0
        80   20    1E-8   2      0
        80   20    1E-8   2      0
        80   20    1E-8   2      0
        80   20    1E-8   2      0
        80   20    1E-8   2      0
        80   20    1E-8   2      0
        80   20    1E-8   2      0
        80   20    1E-8   2      0
        80   20    1E-8   2      0
        80   20    1E-8   2      0
        80   20    1E-8   2      0
        80   20    1E-8   2      0
        80   20    1E-8   2      0
        80   20    1E-8   2      0
        80   20    1E-8   2      0
        80   20    1E-8   2      0
        80   20    1E-8   2      0
        80   20    1E-8   2      0
        80   20    1E-8   2      0
        80   20    1E-8   2      0
        80   20    1E-8   2      0
        80   20    1E-8   2      0
        80   20    1E-8   2      0
        80   20    1E-8   2      0
        80   20    1E-8   2      0
        80   20    1E-8   2      0
        80   20    1E-8   2      0
        80   20    1E-8   2      0
        80   20    1E-8   2      0
        80   20    1E-8   2      0
        80   20    1E-8   2      0
        80   20    1E-8   2      0
        80   20    1E-8   2      0
        80   20    1E-8   2      0
        80   20    1E-8   2      0
        80   20    1E-8   2      0
        80   20    1E-8   2      0
        80   20    1E-8   2      0
        80   20    1E-8   2      0
        80   20    1E-8   2      0
        100   20    1E-8   2      1E-8
        100   20    1E-8   2      0
        100   20    1E-8   2      0
        100   20    1E-8   2      0
        100   20    1E-8   2      0
        100   20    1E-8   2      0
        100   20    1E-8   2      0
        100   20    1E-8   2      0
        100   20    1E-8   2      0
        100   20    1E-8   2      0
        100   20    1E-8   2      0
        100   20    1E-8   2      0
        100   20    1E-8   2      0
        100   20    1E-8   2      0
        100   20    1E-8   2      0
        100   20    1E-8   2      0
        100   20    1E-8   2      0
        100   20    1E-8   2      0
        100   20    1E-8   2      0
        100   20    1E-8   2      0
        100   20    1E-8   2      0
        100   20    1E-8   2      0
        100   20    1E-8   2      0
        100   20    1E-8   2      0
        100   20    1E-8   2      0
        100   20    1E-8   2      0
        100   20    1E-8   2      0
        100   20    1E-8   2      0
        100   20    1E-8   2      0
        100   20    1E-8   2      0
        100   20    1E-8   2      0
        100   20    1E-8   2      0
        100   20    1E-8   2      0
        100   20    1E-8   2      0
        100   20    1E-8   2      0
        100   20    1E-8   2      0
        100   20    1E-8   2      0
        100   20    1E-8   2      0
        100   20    1E-8   2      0
        100   20    1E-8   2      0
        100   20    1E-8   2      0
        100   20    1E-8   2      0
        100   20    1E-8   2      0
        100   20    1E-8   2      0
        100   20    1E-8   2      0
        200   20    1E-8   2      1E-9
        200   20    1E-8   2      0
        200   20    1E-8   2      0
        200   20    1E-8   2      0
        200   20    1E-8   2      0
        200   20    1E-8   2      0
        200   20    1E-8   2      0
        200   20    1E-8   2      0
        200   20    1E-8   2      0
        200   20    1E-8   2      0
        200   20    1E-8   2      0
        200   20    1E-8   2      0
        200   20    1E-8   2      0
        200   20    1E-8   2      0
        400   20    1E-8   2      1E-10
        400   20    1E-8   2      0
        400   20    1E-8   2      0
        400   20    1E-8   2      0
        400   20    1E-8   2      0
        400   20    1E-8   2      0
        400   20    1E-8   2      0
        400   20    1E-8   2      0
        400   20    1E-8   2      0
        400   20    1E-8   2      0
        400   20    1E-8   2      0
        400   20    1E-8   2      0
        400   20    1E-8   2      0
        400   20    1E-8   2      0
        400   20    1E-8   2      0
        400   20    1E-8   2      0
        400   20    1E-8   2      0
        400   20    1E-8   2      0
        400   20    1E-8   2      0
        400   20    1E-8   2      0
        400   20    1E-8   2      0
        400   20    1E-8   2      0
        400   20    1E-8   2      0
        400   20    1E-8   2      0
        400   20    1E-8   2      0
        800   20    1E-8   2      0
        800   20    1E-8   2      0
        800   20    1E-8   2      0
        1600   20    1E-8   2      0
        1600   20    1E-8   2      0
        1600   20    1E-8   2      0
        3200   20    1E-8   2      0
        3200   20    1E-8   2      0
        3200   20    1E-8   2      0
        6400   20    1E-8   2      0
        6400   20    1E-8   2      0
        6400   20    1E-8   2      0
        }

    quiet = yes
    }
