input
    {
    N = 678
    Nex=20
    h = -50.0
    qzz = 0.0
    qx2y2 = 0.0
    qxy = 0.0
    qyz = 0.0
    qxz = 0.0
    wei1=100000000.0
    lamda=0.01
    angleK=20.0
    angleJp=90.0
    Kone= 1.0
    Ktwo= 0.0
    Jp=1.0
    g=0.0
    f=0.0

   nsweeps5 = 215
    sweeps5
        {
        maxm  minm  cutoff  niter  noise
        10    2     1E-8     2      1E-7
        10    2     1E-8     2      0
        10    2     1E-8     2      0
        10    2     1E-8     2      0
        10    2     1E-8     2      0
        10    2     1E-8     2      0
        10    2     1E-8     2      0
        10    2     1E-8     2      0
        10    2     1E-8     2      0
        10    2     1E-8     2      0
        10    2     1E-8     2      0
        10    2     1E-8     2      0
        10    2     1E-8     2      0
        10    2     1E-8     2      0
        10    2     1E-8     2      0
        10    2     1E-8     2      0
        10    2     1E-8     2      0
        10    2     1E-8     2      0
        10    2     1E-8     2      0
        10    2     1E-8     2      0
        10    2     1E-8     2      0
        10    2     1E-8     2      0
        10    2     1E-8     2      0
        10    2     1E-8     2      0
        10    2     1E-8     2      0
        10    2     1E-8     2      0
        10    2     1E-8     2      0
        10    2     1E-8     2      0
        10    2     1E-8     2      0
        10    2     1E-8     2      0
        10    2     1E-8     2      0
        10    2     1E-8     2      0
        10    2     1E-8     2      0
        10    2     1E-8     2      0
        10    2     1E-8     2      0
        10    2     1E-8     2      0
        10    2     1E-8     2      0
        10    2     1E-8     2      0
        10    2     1E-8     2      0
        10    2     1E-8     2      0
        10    2     1E-8     2      0
        10    2     1E-8     2      0
        10    2     1E-8     2      0
        10    2     1E-8     2      0
        10    2     1E-8     2      0
        10    2     1E-8     2      0
        10    2     1E-8     2      0
        10    2     1E-8     2      0
        10    2     1E-8     2      0
        10    2     1E-8     2      0
        10    2     1E-8     2      0
        10    2     1E-8     2      0
        10    2     1E-8     2      0
        10    2     1E-8     2      0
        10    2     1E-8     2      0
        10    2     1E-8     2      0
        10    2     1E-8     2      0
        10    2     1E-8     2      0
        10    2     1E-8     2      0
        10    2     1E-8     2      0
        10    2     1E-8     2      0
        30    10    1E-8     2     1E-9
        30    10    1E-8     2      0
        30    10    1E-8     2      0
        30    10    1E-8     2      0
        30    10    1E-8     2      0
        30    10    1E-8     2      0
        30    10    1E-8     2      0
        30    10    1E-8     2      0
        30    10    1E-8     2      0
        30    10    1E-8     2      0
        30    10    1E-8     2      0
        30    10    1E-8     2      0
        30    10    1E-8     2      0
        30    10    1E-8     2      0
        30    10    1E-8     2      0
        30    10    1E-8     2      0
        30    10    1E-8     2      0
        30    10    1E-8     2      0
        30    10    1E-8     2      0
        30    10    1E-8     2      0
        30    10    1E-8     2      0
        30    10    1E-8     2      0
        30    10    1E-8     2      0
        30    10    1E-8     2      0
        30    10    1E-8     2      0
        30    10    1E-8     2      0
        30    10    1E-8     2      0
        30    10    1E-8     2      0
        30    10    1E-8     2      0
        30    10    1E-8     2      0
        30    10    1E-8     2      0
        30    10    1E-8     2      0
        30    10    1E-8     2      0
        30    10    1E-8     2      0
        30    10    1E-8     2      0
        30    10    1E-8     2      0
        30    10    1E-8     2      0
        30    10    1E-8     2      0
        30    10    1E-8     2      0
        30    10    1E-8     2      0
        30    10    1E-8     2      0
        30    10    1E-8     2      0
        30    10    1E-8     2      0
        30    10    1E-8     2      0
        30    10    1E-8     2      0
        30    10    1E-8     2      0
        30    10    1E-8     2      0
        30    10    1E-8     2      0
        30    10    1E-8     2      0
        30    10    1E-8     2      0
        30    10    1E-8     2      0
        30    10    1E-8     2      0
        30    10    1E-8     2      0
        30    10    1E-8     2      0
        30    10    1E-8     2      0
        30    10    1E-8     2      0
        30    10    1E-8     2      0
        30    10    1E-8     2      0
        30    10    1E-8     2      0
        30    10    1E-8     2      0
        30    10    1E-8     2      0
        30    10    1E-8     2      0
        30    10    1E-8     2      0
        30    10    1E-8     2      0
        30    10    1E-8     2      0
        30    10    1E-8     2      0
        30    10    1E-8     2      0
        30    10    1E-8     2      0
        30    10    1E-8     2      0
        30    10    1E-8     2      0
        30    10    1E-8     2      0
        30    10    1E-8     2      0
        30    10    1E-8     2      0
        30    10    1E-8     2      0
        30    10    1E-8     2      0
        30    10    1E-8     2      0
        30    10    1E-8     2      0
        30    10    1E-8     2      0
        30    10    1E-8     2      0
        30    10    1E-8     2      0
        30    10    1E-8     2      0
        50    10    1E-8     2      1E-9
        50    10    1E-8     2      0
        50    10    1E-8     2      0
        50    10    1E-8     2      0
        50    10    1E-8     2      0
        50    10    1E-8     2      0
        50    10    1E-8     2      0
        50    10    1E-8     2      0
        50    10    1E-8     2      0
        50    10    1E-8     2      0
        50    10    1E-8     2      0
        50    10    1E-8     2      0
        50    10    1E-8     2      0
        50    10    1E-8     2      0
        50    10    1E-8     2      0
        50    10    1E-8     2      0
        50    10    1E-8     2      0
        50    10    1E-8     2      0
        50    10    1E-8     2      0
        50    10    1E-8     2      0
        50    10    1E-8     2      0
        50    10    1E-8     2      0
        50    10    1E-8     2      0
        50    10    1E-8     2      0
        50    10    1E-8     2      0
        50    10    1E-8     2      0
        50    10    1E-8     2      0
        50    10    1E-8     2      0
        50    10    1E-8     2      0
        50    10    1E-8     2      0
        50    10    1E-8     2      0
        50    10    1E-8     2      0
        50    10    1E-8     2      0
        80    10    1E-8     2      1E-8
        80    10    1E-8     2      0
        80    10    1E-8     2      0
        80    10    1E-8     2      0
        80    10    1E-8     2      0
        80    10    1E-8     2      0
        80    10    1E-8     2      0
        80    10    1E-8     2      0
        80    10    1E-8     2      0
        80    10    1E-8     2      0
        80    10    1E-8     2      0
        80    10    1E-8     2      0
        80    10    1E-8     2      0
        80    10    1E-8     2      0
        80    10    1E-8     2      0
        80    10    1E-8     2      0
        80    10    1E-8     2      0
        80    10    1E-8     2      0
        80    10    1E-8     2      0
        80    10    1E-8     2      0
        80    10    1E-8     2      0
        80    10    1E-8     2      0
        80    10    1E-8     2      0
        80    10    1E-8     2      0
        80    10    1E-8     2      0
        80    10    1E-8     2      0
        80    10    1E-8     2      0
        80    10    1E-8     2      0
        80    10    1E-8     2      0
        80    10    1E-8     2      0
        80    10    1E-8     2      0
        100   10    1E-8     2      1E-10
        100   10    1E-8     2     0
        100   10    1E-8     2     0
        100   10    1E-8     2     0
        200   10    1E-8     2      0
        200   10    1E-8     2      0
        400   10    1E-8     2      0
        400   10    1E-8     2      0
        400   10    1E-8     2      0
        }
    quiet = yes

    }
