0.9154170872
1.0531197934
1.0191957957
1.0390832146
1.0726886506
1.0708807278
1.0795010685
1.0882142331
1.0846589656
1.0886390452
1.0909522683
1.0878896685
1.0909780669
1.0910450946
1.0886964130
1.0916915068
1.0908057996
1.0889128020
1.0919674589
1.0905948122
1.0890012971
1.0921124803
1.0904480896
1.0890693583
1.0922065778
1.0903473834
1.0891313468
1.0922747092
1.0902761003
1.0891933507
1.0923243614
1.0902186577
1.0892518538
1.0923613868
1.0901732783
1.0893051917
1.0923899698
1.0901348157
1.0893580115
1.0924124501
1.0901007442
1.0894065553
1.0924329922
1.0900723358
1.0894558641
1.0924470192
1.0900456228
1.0895022667
1.0924566388
1.0900227834
1.0895477828
1.0924617063
1.0900025350
1.0895905805
1.0924620320
1.0899864343
1.0896307132
1.0924578506
1.0899736411
1.0896684527
1.0924492765
1.0899632958
1.0897030196
1.0924371786
1.0899559254
1.0897378389
1.0924242045
1.0899504393
1.0897707439
1.0924100562
1.0899471961
1.0898044248
1.0923965096
1.0899449213
1.0898372396
1.0923822920
1.0899441574
1.0898703441
1.0923687345
1.0899440115
1.0899026273
1.0923544435
1.0899438970
1.0899349422
1.0923406595
1.0899435745
1.0899659006
1.0923257230
1.0899429384
1.0899966915
1.0923118981
1.0899423023
1.0900268635
1.0922975051
1.0899414410
1.0900564804
1.0922834455
1.0899400533
1.0900854823
1.0922701200
1.0899379903
1.0901146236
1.0922562153
1.0899358297
1.0901421854
1.0922425056
1.0899342674
1.0901711107
1.0922293593
1.0899324057
1.0901984748
1.0922158164
1.0899315159
1.0902274012
1.0922031520
1.0899311485
1.0902551933
1.0921899778
1.0899309859
1.0902843374
1.0921780785
1.0899326932
1.0903130007
1.0921653613
1.0899348248
1.0903433743
1.0921544701
1.0899394508
1.0903728551
1.0921424825
1.0899449253
1.0904044214
1.0921322245
1.0899525312
1.0904343523
1.0921197271
1.0899606931
1.0904668825
1.0921092162
1.0899728460
1.0904983865
1.0920962614
1.0899848658
1.0905290394
1.0920835777
1.0900016381
1.0905612605
1.0920707640
1.0900193821
1.0905933582
1.0920568645
1.0900414425
1.0906271116
1.0920426231
1.0900627980
1.0906568826
1.0920260006
1.0900876814
1.0906899433
1.0920093025
1.0901117828
1.0907209985
1.0919929711
1.0901417861
1.0907547594
1.0919789400
1.0901705311
1.0907855607
1.0919624383
1.0902007458
1.0908149511
1.0919442650
1.0902259558
1.0908405631
1.0919247617
1.0902535456
1.0908645733
1.0919032797
1.0902763065
1.0908854693
1.0918813488
1.0903014817
1.0909054102
1.0918581489
1.0903233005
1.0909229990
1.0918347655
1.0903478896
1.0909395491
1.0918095673
1.0903695329
1.0909533885
1.0917834857
1.0903933168
1.0909654117
1.0917545403
1.0904129712
1.0909742826
1.0917245857
1.0904330503
1.0909819551
1.0916933488
1.0904479242
1.0909857245
1.0916606506
1.0904643011
1.0909888568
1.0916291972
1.0904823667
1.0909931310
1.0916008647
1.0905024044
1.0909961425
1.0915720962
1.0905218619
1.0910023872
1.0915472743
1.0905441511
1.0910077872
1.0915262522
1.0905631671
1.0910101160
1.0915034345
1.0905813831
1.0910127167
1.0914788584
1.0905932524
1.0910160077
1.0914577461
1.0906088726
1.0910241228
1.0914442792
1.0906265196
1.0910292221
1.0914295209
1.0906460234
1.0910384210
1.0914194950
1.0906660330
1.0910525191
1.0914144283
1.0906866772
1.0910676988
1.0914110729
1.0907016732
1.0910827529
1.0914073894
1.0907182489
1.0910951961
1.0913994236
1.0907302515
1.0911044853
1.0913888121
1.0907382524
1.0911113083
1.0913765077
1.0907430600
1.0911160171
1.0913626776
1.0907452061
1.0911183069
1.0913466676
1.0907444099
1.0911179932
1.0913295140
1.0907423655
1.0911161812
1.0913096990
1.0907373548
1.0911130810
1.0912902606
1.0907329758
1.0911105977
1.0912716018
1.0907296695
1.0911091670
1.0912552804
1.0907282050
1.0911087070
1.0912396871
1.0907280863
1.0911091772
1.0912252514
1.0907283130
1.0911092790
1.0912098372
1.0907297642
1.0911104896
1.0911973792
1.0907325063
1.0911129399
1.0911847354
1.0907372956
1.0911162006
1.0911745363
1.0907429170
1.0911203190
1.0911630734
1.0907496222
1.0911238883
1.0911539408
1.0907572552
1.0911283382
1.0911430308
1.0907653745
1.0911325350
1.0911339892
1.0907746021
1.0911370385
1.0911241727
1.0907848017
1.0911416981
1.0911153084
1.0907957984
1.0911467436
1.0911061729
1.0908082176
1.0911523770
1.0910985796
1.0908221159
1.0911586444
1.0910909009
1.0908376618
1.0911657168
1.0910850818
1.0908546243
1.0911731969
1.0910776326
1.0908714202
1.0911796644
1.0910710779
1.0908897018
1.0911861774
1.0910631579
1.0909077493
1.0911911792
1.0910555393
1.0909253076
1.0911938169
1.0910442000
1.0909412917
1.0911955004
1.0910336090
1.0909581888
1.0911950519
1.0910196895
1.0909722839
1.0911925771
1.0910067492
1.0909880570
1.0911887761
1.0909909307
1.0910019087
1.0911834258
1.0909766227
1.0910179550
1.0911768837
1.0909601991
1.0910323175
1.0911689337
1.0909454407
1.0910481475
1.0911593193
1.0909291359
1.0910624953
1.0911484423
1.0909149848
1.0910776596
1.0911358054
1.0908993631
1.0910921518
1.0911221965
1.0908861403
1.0911058843
1.0911061569
1.0908704737
1.0911176906
1.0910886178
1.0908582677
1.0911259788
1.0910695524
1.0908455068
1.0911325686
1.0910500426
1.0908358451
1.0911342872
1.0910295841
1.0908257615
1.0911340521
1.0910096388
1.0908169677
1.0911283317
1.0909884422
1.0908048057
1.0911184968
1.0909670869
1.0907888678
1.0910977903
1.0909371725
1.0907704344
1.0910801161
1.0909109449
1.0907487893
1.0910580893
1.0908799042
1.0907287968
1.0910301143
1.0908461849
1.0907006046
1.0909979492
1.0908020812
1.0906633684
1.0909602454
1.0907501547
1.0906206416
1.0909206718
1.0906971092
1.0905784699
1.0908769752
1.0906427657
1.0905349711
1.0908299665
1.0905841671
1.0904896275
1.0907749308
1.0905185701
1.0904342797
1.0907143135
1.0904506057
1.0903818542
1.0906541450
1.0903839045
1.0903271259
1.0905913242
1.0903174980
1.0902754855
1.0905299609
1.0902529052
1.0902231072
1.0904714580
1.0901919870
1.0901794463
1.0904136263
1.0901359261
1.0901326288
1.0903572379
1.0900795622
1.0900889879
1.0903015246
1.0900248992
1.0900488664
1.0902466156
1.0899733288
1.0900080969
1.0901942888
1.0899258901
1.0899689230
1.0901405730
1.0898736059
1.0899273245
1.0900869380
1.0898275825
1.0898903572
1.0900331614
1.0897827085
1.0898523372
1.0899791918
1.0897395253
1.0898161404
1.0899285413
1.0896999240
1.0897825689
1.0898805463
1.0896645945
1.0897532832
1.0898362556
1.0896344370
1.0897265711
1.0897959358
1.0896050773
1.0897017796
1.0897543673
1.0895794609
1.0896795662
1.0897127517
1.0895536526
1.0896544226
1.0896703229
1.0895280044
1.0896323255
1.0896293818
1.0895017306
1.0896050298
1.0895835607
1.0894767301
1.0895813266
1.0895394058
1.0894499352
1.0895531692
1.0894936436
1.0894243727
1.0895282216
1.0894509951
1.0894004725
1.0895012420
1.0894095676
1.0893788920
1.0894766639
1.0893710675
1.0893574249
1.0894511191
1.0893323454
1.0893375097
1.0894267953
1.0892971550
1.0893190463
1.0894030699
1.0892629132
1.0893018689
1.0893804509
1.0892324046
1.0892865219
1.0893578092
1.0892035601
1.0892729162
1.0893369984
1.0891759037
1.0892593415
1.0893164962
1.0891511561
1.0892470369
1.0892966596
1.0891280822
1.0892354135
1.0892781937
1.0891071148
1.0892246359
1.0892600843
1.0890880649
1.0892149868
1.0892435139
1.0890712616
1.0892067466
1.0892281706
1.0890568450
1.0891995875
1.0892141180
1.0890446744
1.0891938623
1.0892013018
1.0890335022
1.0891879889
1.0891892320
1.0890248463
1.0891838887
1.0891782174
1.0890171215
1.0891799474
1.0891682965
1.0890121869
1.0891779793
1.0891597907
1.0890086330
1.0891770832
1.0891527830
1.0890074480
1.0891765784
1.0891463247
1.0890078737
1.0891768221
1.0891409333
1.0890113104
1.0891770217
1.0891359622
1.0890148841
1.0891763095
1.0891322859
1.0890201943
1.0891764586
1.0891302075
1.0890276035
1.0891769667
1.0891288854
1.0890352900
1.0891768648
1.0891281663
1.0890433984
1.0891761235
1.0891266154
1.0890508945
1.0891748649
1.0891240546
1.0890579201
1.0891730078
1.0891194224
1.0890638444
1.0891704482
1.0891127848
1.0890681191
1.0891667610
1.0891034085
1.0890695804
1.0891596193
1.0890916994
1.0890641323
1.0891479826
1.0890805685
1.0890591159
1.0891384176
1.0890661811
1.0890478343
1.0891222205
1.0890540683
1.0890335392
1.0891078554
1.0890442985
1.0890233870
1.0890981276
1.0890382090
1.0890194385
1.0890920393
1.0890341525
1.0890156325
1.0890876442
1.0890320174
1.0890136674
1.0890856881
1.0890311924
1.0890134869
1.0890872691
1.0890332068
1.0890175733
1.0890936992
1.0890391379
1.0890262168
1.0891057238
1.0890485539
1.0890377263
1.0891216456
1.0890599494
1.0890521068
1.0891421036
1.0890726456
1.0890692572
1.0891669330
1.0890850333
1.0890892375
1.0891953671
1.0890932944
1.0891102628
1.0892235798
1.0890879705
1.0891257576
1.0892382337
1.0890451347
1.0891160510
1.0892036314
1.0889080421
1.0890289451
1.0890240731
1.0885395664
1.0887299555
1.0884547152
1.0876138153
1.0878606885
1.0868343313
1.0853410040
1.0854343150
1.0817987080
1.0791992308
1.0788999487
1.0674986208
1.0627491320
1.0615636588
1.0627047179
1.0829268156
0.0000000000
0.0000000000
