Got input.Nx = 3
Got input.Ny = 3
Got input.hx = -1.4
args = 
Args: (only showing overrides of global args)
Nx=3
Ny=3
hx=-1.4

Using approx/svd conversion of AutoMPO->MPO

 checking point after Hqa
Eigenvalues: 

6.5896237308
5.6277552694
5.6122997153
5.4038643848
5.3581343482
5.3091732694
5.0142558022
4.8725214444
4.6885648959
4.5846056591
4.5226367859
4.4459354752
4.3931938855
4.3716739422
4.3106040374
4.2624631693
4.2538545800
4.1914275955
4.1702733780
4.1063328721
4.0677662638
4.0638841498
3.9954176930
3.9620124241
3.9148456973
3.7677429719
3.7671417426
3.7477141549
3.6823412823
3.6765426048
3.6312568861
3.5574850531
3.5258228118
3.4471951111
3.4271998548
3.4194513713
3.3442684793
3.3253564638
3.3156009820
3.2930480429
3.2814206849
3.2306933134
3.2129008906
3.1885202827
3.1586972770
3.1462183269
3.1269522441
3.0530255883
3.0443622382
3.0088034005
3.0077681398
2.9950023928
2.9873014132
2.9519076281
2.9120791688
2.9109321169
2.8886285433
2.8704895561
2.8619921449
2.8405323404
2.8403047282
2.8281144559
2.7967474744
2.7883594752
2.7815226404
2.7594668626
2.6578758507
2.6566155170
2.6525638189
2.6404646860
2.6098249403
2.5829376452
2.5537405983
2.5454406529
2.5359767455
2.4992252989
2.4901533317
2.4649291158
2.4311110179
2.3932538429
2.3920294924
2.3472999857
2.3290210020
2.3279984617
2.3188774992
2.3047433442
2.3047250884
2.2765520158
2.2638316345
2.2409291111
2.1965669436
2.1888444831
2.1678988373
2.1656876456
2.1382032164
2.1242470014
2.1223178211
2.1215362823
2.0599028468
2.0572767088
2.0452740766
2.0162145051
1.9993727662
1.9746199210
1.9482881917
1.9219983045
1.9137377146
1.8864256227
1.8799847109
1.8640705791
1.8490174204
1.8484848739
1.8407140660
1.8316273094
1.8077540751
1.8021873305
1.7601500543
1.7597784988
1.7320011650
1.7243177202
1.7232644305
1.7111239463
1.7021138555
1.6916019405
1.6618203689
1.6456086842
1.6272358073
1.6228249824
1.6190467806
1.6088186036
1.5982223275
1.5978391016
1.5855913718
1.5513187430
1.5508666797
1.5489364155
1.5342316641
1.5162634212
1.5158932284
1.4908994579
1.4750682700
1.4586422505
1.4566252172
1.4424042969
1.4034276806
1.3975894341
1.3812927163
1.3671586419
1.3311791177
1.3260993993
1.3192633245
1.3165715916
1.2998630585
1.2811621210
1.2775538480
1.2564920338
1.2382441030
1.2136589220
1.2008180293
1.1990543036
1.1711916955
1.1625694726
1.1603977773
1.1503726054
1.1469116665
1.1431793487
1.1223439629
1.1118157108
1.1000798866
1.0660531483
1.0524166830
1.0364876960
1.0339900942
1.0205141799
1.0097735000
0.9959041086
0.9914662942
0.9867860978
0.9806711696
0.9577275097
0.9495259611
0.9284720963
0.9102327943
0.8995965033
0.8825786797
0.8801516180
0.8697507805
0.8617116253
0.8532677835
0.8445993780
0.8179425288
0.8018476075
0.8014965180
0.8010930501
0.7995316962
0.7626146226
0.7616896323
0.7566998363
0.7018652858
0.6970660060
0.6855887332
0.6798917768
0.6665976928
0.6621730403
0.6411795997
0.6391727878
0.6254224193
0.6216723712
0.6047807673
0.5849357412
0.5432791488
0.5424724658
0.4973061435
0.4881311296
0.4755325763
0.4711811301
0.4638592466
0.4414021520
0.4409628853
0.4171035678
0.4145134604
0.4128699481
0.4025844820
0.3963380838
0.3894027481
0.3870121408
0.3815708482
0.3649917908
0.3586395681
0.3098714340
0.2958787175
0.2869423558
0.2799022717
0.2715124373
0.2693061068
0.2682836506
0.2230736594
0.2199039898
0.2140041840
0.2083464623
0.2075128047
0.1603873606
0.1603621909
0.1430394774
0.1376047854
0.1323530737
0.1297608786
0.1235834349
0.1158687780
0.0947898837
0.0839617236
0.0585944766
0.0563747114
0.0361527000
0.0354602495
0.0353626382
0.0253121511
0.0143864478
0.0066511587
-0.0022793590
-0.0072213130
-0.0340453839
-0.0600288145
-0.0679871021
-0.1017528558
-0.1021864599
-0.1044451434
-0.1100508371
-0.1109832060
-0.1113971623
-0.1331904307
-0.1333436232
-0.1415449206
-0.1468075053
-0.1936890288
-0.2007772202
-0.2248960759
-0.2362043096
-0.2382900851
-0.2434265589
-0.2556137422
-0.2565266086
-0.2866994899
-0.2973451231
-0.3145531810
-0.3293210091
-0.3310580355
-0.3569321468
-0.3592842840
-0.3645313445
-0.3803833649
-0.3845345938
-0.3963788239
-0.4168987202
-0.4444575250
-0.4495277446
-0.4549798672
-0.4590918595
-0.4785506120
-0.4888026086
-0.4942998125
-0.5018348069
-0.5263072808
-0.5268310086
-0.5327425979
-0.5359019088
-0.5445345566
-0.5491729162
-0.5574837059
-0.5828370380
-0.5927767944
-0.6060622812
-0.6140812625
-0.6207820568
-0.6365941265
-0.6566728483
-0.6694959308
-0.6850914506
-0.7128898040
-0.7135478345
-0.7205692710
-0.7221995300
-0.7356625219
-0.7405556693
-0.7516970407
-0.7556269687
-0.7850071508
-0.8178385839
-0.8236264669
-0.8302076661
-0.8583008701
-0.8658224023
-0.8755210535
-0.9214214845
-0.9350873341
-0.9353667541
-0.9445803704
-0.9554279403
-0.9732007642
-0.9793112282
-1.0090918703
-1.0405050307
-1.0414744633
-1.0649456484
-1.0688605300
-1.0739214250
-1.0905562142
-1.1357066787
-1.1540294114
-1.1565580967
-1.1766812565
-1.1824388495
-1.1870463996
-1.1882085948
-1.2092283876
-1.2180733166
-1.2381894644
-1.2503541594
-1.2894886736
-1.2897121506
-1.3127130701
-1.3136548443
-1.3500272826
-1.3720959887
-1.3802520057
-1.3806268435
-1.3814191999
-1.4018692490
-1.4392671015
-1.4544843764
-1.4623439290
-1.4665428045
-1.4725214033
-1.4766379634
-1.4982281173
-1.4993118813
-1.5061849415
-1.5245886975
-1.5395880593
-1.5505403747
-1.5580880021
-1.5581813087
-1.5678179289
-1.5794213212
-1.5868870401
-1.6117680240
-1.6624774234
-1.6686941947
-1.6795150497
-1.6879751744
-1.6945647486
-1.7077218605
-1.7148499460
-1.7367574231
-1.7405303502
-1.7421356891
-1.7607277780
-1.7742641223
-1.8153762643
-1.8314446229
-1.8509990196
-1.8559364961
-1.8565629503
-1.8654720922
-1.8970202595
-1.9005199070
-1.9163546801
-1.9554938220
-1.9562803283
-1.9614698626
-1.9838400458
-2.0173172742
-2.0281892500
-2.0313371931
-2.0753389931
-2.0814267666
-2.0878671855
-2.0969175173
-2.0977707589
-2.1200330791
-2.1403192433
-2.1570838574
-2.1614876297
-2.2187485758
-2.2193326776
-2.2312075374
-2.2678739901
-2.2803327301
-2.3047805715
-2.3223379051
-2.3228011696
-2.3546089944
-2.3568742996
-2.3973554396
-2.4121679232
-2.4541558775
-2.4839911225
-2.4917241371
-2.5293786702
-2.5703691286
-2.6620573656
-2.6683756504
-2.6691869031
-2.6801687638
-2.6976583277
-2.7380103447
-2.7772134984
-2.8021503274
-2.8282596676
-2.8322412132
-2.8328055421
-2.8371460990
-2.8487956249
-2.9377663719
-2.9573208382
-2.9597673824
-3.0062312246
-3.0310955928
-3.0467495986
-3.0533765739
-3.0770984993
-3.0772734373
-3.1030066456
-3.1413398109
-3.1626726994
-3.2164299292
-3.2428049109
-3.2627897332
-3.2861258567
-3.2877502176
-3.3109696116
-3.3398648002
-3.3454340737
-3.3766938102
-3.3935159316
-3.4116358076
-3.4116731057
-3.5136206899
-3.5445192332
-3.5804458744
-3.6245878033
-3.6583687733
-3.6829488224
-3.6846834249
-3.7123788054
-3.7609693793
-3.8609856764
-3.8648048707
-3.8839231784
-3.9273498555
-4.0464259852
-4.1560927563
-4.2320183667
-4.2750286592
-4.2800955007
-4.4694558040
-4.4712573477
-4.5071526819
-4.6887837127
-4.7463623096
-4.7822635932
-4.7932306410
-4.9333800982
-4.9398410079
-5.0141742519
-5.0402410289
-5.3382342261
-5.4010357216
-5.5060195486
-5.7091506564
-6.4807946630
-6.8345265201
