Got input.Nx = 3
Got input.Ny = 3
Got input.hx = -0.6
args = 
Args: (only showing overrides of global args)
Nx=3
Ny=3
hx=-0.6

Using approx/svd conversion of AutoMPO->MPO

 checking point after Hqa
Eigenvalues: 

3.2647667917
3.0260051347
3.0234194485
2.7638648193
2.7506800293
2.7425597036
2.6631483069
2.6385385104
2.5246081202
2.5098571527
2.4936538803
2.4392119238
2.3977322924
2.3764282858
2.3727592966
2.2917186821
2.2849063541
2.2726711211
2.2583131016
2.2388392113
2.2260331096
2.2185228380
2.1340257338
2.1296297223
2.1162649091
2.0914159796
2.0741662224
2.0618487922
2.0306941275
2.0190085256
1.9839677592
1.9772968907
1.9638776545
1.9602187426
1.9190603908
1.8826646981
1.8725227019
1.8704556492
1.8603442390
1.8567674417
1.8321622902
1.8135134413
1.8064169594
1.7880006340
1.7846306465
1.7827343712
1.7661139401
1.7485729048
1.7462528780
1.7358207866
1.6982034062
1.6898938450
1.6763570983
1.6758070488
1.6742294893
1.6618097963
1.6502842805
1.6317204160
1.5994866791
1.5927486434
1.5827424464
1.5676421151
1.5498441152
1.5318331349
1.5264866858
1.5255873923
1.5095857879
1.5094247922
1.5084630523
1.5082992763
1.4967990379
1.4784878607
1.4680598995
1.4560403869
1.4318866578
1.4256776741
1.4058011102
1.4027733569
1.3797842715
1.3781027853
1.3750955499
1.3513289151
1.3271829142
1.3260723103
1.3254114291
1.3140027651
1.3030360561
1.3022861983
1.2765831163
1.2704820380
1.2682072214
1.2667045748
1.2633183109
1.2534310082
1.2456012640
1.2373573469
1.2292508469
1.2248118503
1.2247694596
1.2062360352
1.1958654292
1.1925921837
1.1846491165
1.1795938375
1.1783310418
1.1651735143
1.1636582362
1.1554598143
1.1544364389
1.1530639043
1.1374772367
1.1144621712
1.0874586124
1.0723615310
1.0719488499
1.0651162588
1.0616680792
1.0462826878
1.0459917609
1.0258774219
1.0231377938
1.0154429225
1.0114768636
1.0049806840
1.0024923709
1.0005884537
0.9845998008
0.9622040283
0.9583234897
0.9539804914
0.9279613475
0.9193171493
0.9185815367
0.9142915248
0.9085870921
0.9042808519
0.9001466531
0.8846303312
0.8825589084
0.8742289950
0.8530983482
0.8506166082
0.8437105523
0.8200012091
0.8195704889
0.8149041224
0.8118724269
0.8089891603
0.8032921204
0.7910180694
0.7890020897
0.7633686383
0.7627338093
0.7566361213
0.7303265441
0.7266839908
0.7216823719
0.7184354074
0.7145442323
0.7076166345
0.7025229048
0.7012625130
0.6951174752
0.6935399783
0.6891127260
0.6817891048
0.6740327379
0.6729435419
0.6683584420
0.6647771960
0.6645554701
0.6565159936
0.6549779069
0.6412052058
0.6410527004
0.6315886521
0.6288176457
0.6048881206
0.5976640810
0.5876354827
0.5857196400
0.5840075079
0.5709534382
0.5667576877
0.5660779852
0.5473368113
0.5399907296
0.5385698247
0.5376633345
0.5208244538
0.5204678301
0.5152883226
0.5106365798
0.4986759549
0.4907202390
0.4756493395
0.4675454092
0.4647629352
0.4634063470
0.4613968942
0.4597665343
0.4389334117
0.4367948390
0.4305765107
0.4171610129
0.4137664292
0.4077444908
0.3996597480
0.3898980027
0.3898084215
0.3853699197
0.3678271875
0.3641348162
0.3528717278
0.3424920100
0.3389049866
0.3380865462
0.3317681123
0.3195208702
0.3178491575
0.3143575027
0.3088942302
0.3087411810
0.3046131363
0.2984267139
0.2981680421
0.2911692178
0.2687535441
0.2485955073
0.2404095423
0.2299433562
0.2291455621
0.2272920818
0.2230377615
0.2211061121
0.2127381831
0.2117735303
0.2049079759
0.2021440235
0.1985880472
0.1878377773
0.1734894802
0.1673387348
0.1534664802
0.1284383631
0.1196621033
0.1087878527
0.1045577973
0.1025163611
0.0960523682
0.0881334703
0.0879794158
0.0830316863
0.0817986975
0.0782739519
0.0618105064
0.0614333213
0.0590726016
0.0571887437
0.0545817075
0.0540195783
0.0453904179
0.0182216852
0.0120250042
0.0088554769
-0.0001861101
-0.0110790591
-0.0158169369
-0.0168941418
-0.0252114365
-0.0289942505
-0.0308543367
-0.0348534214
-0.0382313286
-0.0464804435
-0.0551241980
-0.0755970248
-0.0759563209
-0.0966197242
-0.1158083385
-0.1166825573
-0.1238407970
-0.1342127855
-0.1378797386
-0.1487563081
-0.1576933697
-0.1599416378
-0.1720659714
-0.1721961628
-0.1750713159
-0.1965103874
-0.2027321702
-0.2079264731
-0.2105186409
-0.2135456836
-0.2270177385
-0.2276165282
-0.2294146706
-0.2298955649
-0.2318374035
-0.2466670288
-0.2547457325
-0.2574654659
-0.2609267297
-0.2681051418
-0.2696324151
-0.2888244496
-0.3002715542
-0.3038624335
-0.3056468830
-0.3087521886
-0.3105233408
-0.3122040562
-0.3168401205
-0.3205001147
-0.3228898201
-0.3292777071
-0.3416160952
-0.3463297189
-0.3645360912
-0.3656948239
-0.3662889965
-0.3730627021
-0.3787814085
-0.3822416381
-0.3891826469
-0.4058325137
-0.4146683427
-0.4250929741
-0.4280765603
-0.4322991872
-0.4444303936
-0.4449839564
-0.4511575390
-0.4544650474
-0.4550320676
-0.4674608214
-0.4790336308
-0.4815186394
-0.4847128129
-0.4962674958
-0.5170348615
-0.5293337733
-0.5303337073
-0.5412324197
-0.5425608262
-0.5449282866
-0.5452360983
-0.5475152980
-0.5545226062
-0.5847923359
-0.5965997296
-0.6126967853
-0.6181194755
-0.6185829532
-0.6306488714
-0.6319905670
-0.6385010321
-0.6468317922
-0.6766180277
-0.6839437616
-0.7034096615
-0.7080232329
-0.7082722286
-0.7221533120
-0.7223979405
-0.7401928444
-0.7439420421
-0.7460400479
-0.7565044591
-0.7579997977
-0.7675990308
-0.7881802196
-0.7882307255
-0.7990763115
-0.8083189082
-0.8097063161
-0.8143872982
-0.8221498868
-0.8286872971
-0.8343754350
-0.8385782138
-0.8442224159
-0.8744942626
-0.8864476605
-0.9221205491
-0.9298256262
-0.9388641478
-0.9407303579
-0.9579737702
-0.9644326031
-0.9702147150
-0.9761095888
-0.9787528209
-0.9799970752
-0.9932153062
-1.0165968543
-1.0278294631
-1.0286993451
-1.0393516499
-1.0427776546
-1.0433808325
-1.0533031731
-1.0614187163
-1.0657914756
-1.0826029107
-1.1045625640
-1.1126865101
-1.1193296794
-1.1364810134
-1.1394597679
-1.1411746715
-1.1459827499
-1.1555330895
-1.1734082537
-1.1865923828
-1.1974736858
-1.2145799891
-1.2198158230
-1.2204712419
-1.2356620875
-1.2457990966
-1.2569564468
-1.2683356034
-1.2687764949
-1.2800501738
-1.3148164441
-1.3177848834
-1.3268263010
-1.3383146152
-1.3725462368
-1.3780796269
-1.3845356682
-1.3971444987
-1.3999313965
-1.4038433892
-1.4132627411
-1.4142076521
-1.4162703086
-1.4325127145
-1.4718388723
-1.4920850234
-1.4944610290
-1.5068983107
-1.5174269015
-1.5668913376
-1.6174374129
-1.6176967518
-1.6520237048
-1.6565743691
-1.6592627669
-1.6647463419
-1.6712549719
-1.6744238762
-1.7335341888
-1.7634626904
-1.7704152941
-1.7706988707
-1.7936853587
-1.8013877769
-1.8224086832
-1.8334979751
-1.8366365454
-1.8456985285
-1.8506178968
-1.8847368251
-1.8907555883
-1.8952296969
-1.9074475978
-1.9579764932
-1.9606249408
-1.9660531369
-2.0087965581
-2.0460517710
-2.0545933465
-2.0754385706
-2.0780897395
-2.1203837797
-2.1213320734
-2.1572927179
-2.1595886135
-2.2016732268
-2.2123036187
-2.2243040488
-2.2316943299
-2.2796081423
-2.3528391892
-2.3781793804
-2.4112435234
-2.4187878552
-2.4277978817
-2.4368037873
-2.4903932611
-2.4994968093
-2.6964394646
-2.7316059942
-2.7359405239
-2.7478713039
-2.8467728142
-2.8592424735
-2.9222469873
-3.0052138825
-3.0093117070
-3.0404962154
-3.0513208390
-3.1239335903
-3.4304944610
-3.4315095743
-3.4563277541
-3.4600428310
-4.5054050212
-4.5072830969
