Got input.Nx = 3
Got input.Ny = 3
Got input.hx = -2
args = 
Args: (only showing overrides of global args)
Nx=3
Ny=3
hx=-2

Using approx/svd conversion of AutoMPO->MPO

 checking point after Hqa
Eigenvalues: 

9.2138252116
7.6690880268
7.6551597107
7.4581778094
7.4043108915
7.3680482905
7.0529645794
6.9069617028
6.7035262352
6.3477267077
6.0407509961
5.9872786955
5.9185673963
5.8555014575
5.7765353452
5.7282722609
5.7217038314
5.6678362519
5.6426675582
5.5710554603
5.5233083775
5.5205642854
5.4718961616
5.4201252402
5.3834151948
5.2265055157
5.2203641732
5.2157971917
5.1345623961
5.1255918144
5.0878613780
5.0187573454
4.9733700439
4.8733046767
4.8633268218
4.7869985693
4.7631794335
4.7482046709
4.7142308227
4.6251858347
4.4309606620
4.4298919272
4.3035796101
4.2765437728
4.2525952163
4.1992824274
4.1144053773
4.0694604108
4.0532870977
4.0408262397
4.0321759491
4.0099593245
3.9339790376
3.9296781065
3.8785793877
3.8723049284
3.8268294220
3.7979814267
3.7863133326
3.7695268192
3.7463827812
3.7162450142
3.7108283581
3.6828293994
3.6754697618
3.6603563539
3.6566615490
3.6470199023
3.5356750733
3.5345866487
3.5270088208
3.4962868864
3.4512480181
3.4260962687
3.4252335310
3.4182027180
3.3686277756
3.3611415821
3.3466176234
3.3051279236
3.2674622453
3.2621125185
3.2239697756
3.1943006892
3.1886264185
3.1808964707
3.1652478421
3.1525134475
3.1284077454
3.1052638531
3.0750343609
3.0616946303
3.0349786686
3.0324693813
3.0089316424
2.9997651067
2.9844376896
2.9391963456
2.9289573011
2.8970599117
2.8923891228
2.8531732097
2.8015539397
2.7856738911
2.7792237907
2.7166674157
2.7160936835
2.7072426099
2.6856929890
2.6547524303
2.6150499170
2.5554019748
2.4811344416
2.4690365572
2.4404816455
2.4380047323
2.4265481113
2.3989724549
2.3677416258
2.3021006871
2.2987664142
2.2702863720
2.1947943126
2.1858036659
2.1800824524
2.1463009498
2.1352693063
2.1169889246
2.0950783820
2.0713343145
2.0335294696
2.0295590073
2.0290778550
2.0249311735
2.0012592486
1.9831709274
1.9745635546
1.9591702300
1.9359737483
1.9305351676
1.9092483128
1.9034573705
1.9007808558
1.8421224353
1.8416957560
1.8313511804
1.8279487473
1.8064249956
1.7968483842
1.7689686065
1.7569920001
1.7363705824
1.7000874571
1.6893646472
1.6599770976
1.6334491392
1.6178645138
1.6161119189
1.5965261572
1.5836220777
1.5811373402
1.5458476580
1.5332786608
1.4967501858
1.4925595272
1.4682319766
1.4618012106
1.4565084404
1.4465420116
1.4417431230
1.4191282560
1.3834826399
1.3512883832
1.3480735854
1.3270843010
1.3172670427
1.3111446134
1.2948379093
1.2697600280
1.2683641121
1.2531508853
1.2315608121
1.2235546068
1.1949881014
1.1877852248
1.1735464083
1.1708050866
1.1689960754
1.1617474377
1.1602257067
1.1464175456
1.1411365619
1.1043716835
1.0983818193
1.0943189431
1.0888254052
1.0544428695
1.0525081615
1.0433115056
0.9988472706
0.9968711723
0.9843907375
0.9717855459
0.9483833772
0.9441273424
0.9312899242
0.9102681763
0.9087612453
0.8885890051
0.8600123233
0.8323528896
0.8148593310
0.7857777377
0.7789751614
0.7546579441
0.7509529943
0.6991836200
0.6974481972
0.6941134065
0.6937613862
0.6699453306
0.6345106310
0.5704099159
0.5620468410
0.5590091518
0.5506748963
0.4980541195
0.4820884872
0.4502781821
0.3819045700
0.3760665596
0.3715631027
0.3700376994
0.3448620789
0.3113469377
0.2979353947
0.2880100459
0.2846049580
0.2575104422
0.2019991561
0.1715755609
0.1702449228
0.1623719737
0.1466352879
0.1297405543
0.1130716817
0.1127371436
0.0966627906
0.0932241762
0.0736008622
0.0356462134
0.0268006961
0.0230980142
-0.0035302022
-0.0086292416
-0.0631406766
-0.0767642212
-0.0853161604
-0.0960140686
-0.1134333180
-0.1155761515
-0.1208764700
-0.1428793412
-0.1520313349
-0.1566784930
-0.1593243875
-0.1947498610
-0.2217868991
-0.2235390512
-0.2237693921
-0.2430117557
-0.2717003707
-0.2799410383
-0.2933565284
-0.3045623484
-0.3122170911
-0.3411674628
-0.3563799800
-0.3875573575
-0.3963386671
-0.3991084119
-0.4250534312
-0.4295726600
-0.4653319335
-0.4888778720
-0.5073449165
-0.5297708669
-0.5327649477
-0.5341009145
-0.5493500643
-0.5572956696
-0.5668680577
-0.5825242778
-0.5986275291
-0.6169548846
-0.6393584834
-0.6586509100
-0.6800612938
-0.6852884141
-0.6909105801
-0.7388118198
-0.7469320219
-0.7526031510
-0.7589110632
-0.7801019367
-0.7828908965
-0.7880430150
-0.8089398515
-0.8262252863
-0.8362363667
-0.8428392017
-0.8520093419
-0.8614139611
-0.8871314431
-0.8942708271
-0.9016605447
-0.9071526660
-0.9248221573
-0.9507771722
-0.9594507755
-0.9793402391
-0.9984337631
-1.0034116484
-1.0070658637
-1.0255805531
-1.0384593870
-1.0468417481
-1.0879455175
-1.0910156352
-1.1130047234
-1.1272538050
-1.1386838054
-1.1456138080
-1.1567291538
-1.1619071561
-1.2081435124
-1.2325862913
-1.2408499260
-1.2592745976
-1.2725161726
-1.2734616014
-1.2924908832
-1.3243277008
-1.3573742234
-1.3685033633
-1.3772815941
-1.4262163087
-1.4462759763
-1.4864761104
-1.4872456696
-1.4895225074
-1.5021792223
-1.5787635576
-1.5839607366
-1.6101343233
-1.6721194294
-1.6874042850
-1.7418216838
-1.7533446509
-1.7690228540
-1.7910209708
-1.7990237598
-1.8373422309
-1.8466584435
-1.8698166238
-1.8764407637
-1.9082712426
-1.9387659881
-1.9451530973
-1.9877966287
-1.9989315080
-2.0104022559
-2.0306341343
-2.0482137507
-2.0765289403
-2.0848528340
-2.0903855631
-2.1181645343
-2.1425451782
-2.1667479728
-2.1798845475
-2.2152495583
-2.2210262320
-2.2264459248
-2.2567686192
-2.2670896507
-2.3038825982
-2.3292357420
-2.3575187831
-2.3591431927
-2.3653576943
-2.3663806447
-2.3999564392
-2.4009987784
-2.4036180308
-2.4066642129
-2.4303007756
-2.4376954147
-2.5274282944
-2.5295663892
-2.5695995402
-2.5748398665
-2.6012505634
-2.6068472455
-2.6098470956
-2.6205790472
-2.6837150647
-2.6882468401
-2.7106581217
-2.7123613303
-2.7671803667
-2.7722794427
-2.7825045788
-2.8260219631
-2.8450756260
-2.8467935034
-2.8726000270
-2.8826688492
-2.9468404772
-2.9567006492
-2.9720530267
-2.9754119290
-2.9829665545
-3.0003226722
-3.0295650838
-3.0445309180
-3.0805653870
-3.0813144837
-3.0893413551
-3.1385658545
-3.1703851560
-3.1949819155
-3.2089487394
-3.2260744130
-3.2425051703
-3.2808988191
-3.2847724362
-3.3223058369
-3.3514674951
-3.3970798321
-3.4220022225
-3.5051815904
-3.5106432608
-3.5286000703
-3.5422917002
-3.5442304544
-3.5934416050
-3.6577058200
-3.6652897045
-3.6871925456
-3.7248943237
-3.8162198081
-3.8347818985
-3.8648802194
-3.9150377025
-4.0026165316
-4.1487597059
-4.1533646315
-4.1559850553
-4.1606710582
-4.2434901615
-4.2502312889
-4.2581210505
-4.2937930910
-4.3110506426
-4.3893217227
-4.4448363838
-4.4876941244
-4.4951931252
-4.5051751231
-4.5081143470
-4.5739929046
-4.5745013703
-4.6550676600
-4.6994421313
-4.7543429461
-4.7557403174
-4.7581747699
-4.8184302826
-4.8314826588
-4.9606828520
-4.9800589992
-5.0152166550
-5.0939025178
-5.1219966905
-5.1413816827
-5.1933326839
-5.2328894913
-5.2984249973
-5.3417225591
-5.3688858325
-5.4816714834
-5.5786124982
-5.6597919829
-5.6632059647
-5.8535441158
-5.9043125481
-5.9185581192
-6.1145871955
-6.1786651579
-6.4186592188
-6.7089060232
-6.7420561168
-6.8888008854
-6.9297525139
-6.9499083885
-6.9842448571
-7.3036326905
-7.4201256767
-7.7134830637
-8.3777912121
-9.3195854493
