Got input.Nx = 3
Got input.Ny = 3
Got input.hx = -0.8
args = 
Args: (only showing overrides of global args)
Nx=3
Ny=3
hx=-0.8

Using approx/svd conversion of AutoMPO->MPO

 checking point after Hqa
Eigenvalues: 

4.0539841073
3.6488699798
3.6388952533
3.3993643920
3.3734469167
3.2993150606
3.1796815030
3.0946884176
3.0682654729
2.9914675803
2.9732499136
2.9361914160
2.8868649092
2.8409848096
2.8249984558
2.8024311714
2.7434177111
2.7251683786
2.6843799732
2.6641574829
2.6594720188
2.6151050087
2.5582034837
2.5490052726
2.5317183530
2.4942736366
2.4399186657
2.3873157628
2.3749121416
2.3607102557
2.3346237334
2.3198103876
2.2903743182
2.2893332633
2.2866905436
2.2612107023
2.2563690687
2.2547011672
2.1689302436
2.1688589305
2.1626236459
2.1523112600
2.1456521987
2.1384088618
2.1147738044
2.0901560472
2.0643703043
2.0610198627
2.0380188031
2.0252689676
1.9961449030
1.9901611172
1.9805605567
1.9705826439
1.9670645523
1.9521533303
1.9509650621
1.9372846188
1.9307111732
1.9259824162
1.9058169166
1.8765111932
1.8184323987
1.8112476772
1.8017050824
1.7767368223
1.7648141010
1.7411387616
1.7352706769
1.7344964175
1.7237478742
1.6978314003
1.6752096944
1.6744641648
1.6684248135
1.6476263799
1.6426503161
1.6275919129
1.6056838181
1.5964920612
1.5955991229
1.5916408835
1.5706061345
1.5547486188
1.5305396989
1.5147978471
1.5117677225
1.5002917193
1.4820313033
1.4761892576
1.4686461254
1.4622591489
1.4589487968
1.4549206694
1.4249374800
1.4212179259
1.4001377206
1.3986028568
1.3967538875
1.3908988874
1.3885483481
1.3719071485
1.3566436679
1.3546308161
1.3539004184
1.3508057009
1.3465844902
1.3245314679
1.3216942783
1.2928926330
1.2894367224
1.2843167467
1.2805912014
1.2763424594
1.2660076607
1.2622241397
1.2281826568
1.2243307693
1.2118925425
1.2118443202
1.2114828126
1.1763988783
1.1750072569
1.1569741995
1.1482214516
1.1455863681
1.1338755452
1.1127057154
1.1117395364
1.1095611885
1.1089706775
1.1051609492
1.0693228984
1.0481292550
1.0473186302
1.0434711208
1.0329986496
1.0214424569
1.0152428551
1.0048049701
0.9986540360
0.9968286815
0.9861178665
0.9834093269
0.9708143994
0.9636810905
0.9333547956
0.9297970948
0.9253663443
0.9213588432
0.8803833793
0.8780208463
0.8665395607
0.8576486806
0.8462045863
0.8398318009
0.8380928870
0.8301417262
0.8113601521
0.8018853874
0.7932479435
0.7920109817
0.7890996690
0.7803605421
0.7740453876
0.7687213330
0.7593863749
0.7544933782
0.7461858403
0.7435318609
0.7409003246
0.7377421072
0.7156121779
0.7006937940
0.6782268556
0.6692273241
0.6689332891
0.6685518058
0.6594841987
0.6458405298
0.6431544430
0.6373857038
0.6356156448
0.6251235951
0.6198911328
0.6038471183
0.6018473720
0.5930679831
0.5926985608
0.5898749696
0.5832570298
0.5567758746
0.5376132148
0.5360125320
0.5304639273
0.5254141214
0.5154968553
0.5145791309
0.5085166500
0.5073403472
0.5038112139
0.4925317231
0.4860659092
0.4822831375
0.4728975710
0.4662775797
0.4650977322
0.4638617083
0.4293256539
0.4198992709
0.4175365215
0.4158085516
0.4111332165
0.4010867773
0.3887624432
0.3808562737
0.3737840090
0.3699864805
0.3625936661
0.3595850224
0.3593107248
0.3530117777
0.3489019304
0.3438093824
0.3217422313
0.3152678608
0.3020611529
0.2849693574
0.2718867477
0.2645217784
0.2535669235
0.2490781828
0.2336744915
0.2271382315
0.2227726699
0.2116884080
0.2057416305
0.1948488283
0.1948438955
0.1880682947
0.1763088909
0.1746397573
0.1738913226
0.1712901015
0.1604942014
0.1504671907
0.1433850105
0.1273650792
0.1262668511
0.1198352074
0.0931435297
0.0786820973
0.0703728027
0.0686217998
0.0680972728
0.0677916594
0.0521953822
0.0384036597
0.0207948652
0.0143392866
0.0084851978
0.0029359102
-0.0107256254
-0.0195038333
-0.0301929087
-0.0338984176
-0.0413700419
-0.0425193776
-0.0440865915
-0.0692235037
-0.0725779629
-0.0774647018
-0.0807142233
-0.0829576635
-0.0854130193
-0.1010540168
-0.1064430611
-0.1153510083
-0.1337389729
-0.1441408935
-0.1462888717
-0.1687670412
-0.1753023741
-0.1759716472
-0.1926976014
-0.2040630232
-0.2154306143
-0.2203197530
-0.2220020883
-0.2226230238
-0.2300125933
-0.2324584789
-0.2347806344
-0.2532616054
-0.2573245637
-0.2860443605
-0.2933775614
-0.2954023651
-0.2961727102
-0.3010727603
-0.3016510429
-0.3173481836
-0.3174699190
-0.3305555162
-0.3306411117
-0.3388025176
-0.3640958779
-0.3721593207
-0.3743681207
-0.3795495777
-0.3819094992
-0.3880722325
-0.3919512253
-0.4165068712
-0.4203061100
-0.4264043666
-0.4341689600
-0.4348011883
-0.4373985584
-0.4440685397
-0.4620948940
-0.4679959365
-0.4695152558
-0.4724329455
-0.4780595481
-0.4870259963
-0.5048827823
-0.5235369380
-0.5320651978
-0.5356580563
-0.5526594386
-0.5562478819
-0.5599815947
-0.5773270327
-0.5823569018
-0.5881796846
-0.5962617008
-0.6061235865
-0.6124894920
-0.6198842529
-0.6251810925
-0.6265902065
-0.6324040427
-0.6492612802
-0.6530514748
-0.6672371230
-0.6754350147
-0.6767319535
-0.6785022425
-0.6954252207
-0.7089693946
-0.7172857224
-0.7380724429
-0.7401233721
-0.7469550118
-0.7478227195
-0.7626572086
-0.7823739200
-0.7853095006
-0.7911844108
-0.7952906298
-0.8329762655
-0.8470375435
-0.8533728416
-0.8541200010
-0.8599301108
-0.8850629009
-0.8918982092
-0.9068016479
-0.9209725011
-0.9227098596
-0.9475028916
-0.9549267849
-0.9552898094
-0.9562436828
-0.9686230959
-0.9686794206
-0.9766344886
-0.9924964561
-0.9974153642
-1.0201709575
-1.0234205894
-1.0483783082
-1.0719729383
-1.0736356989
-1.0742968722
-1.0904847682
-1.1028788199
-1.1053502082
-1.1228513170
-1.1321643518
-1.1440182777
-1.1507080959
-1.1572915266
-1.1763857940
-1.1879941095
-1.1931580549
-1.2018809346
-1.2062653725
-1.2137469734
-1.2301942715
-1.2327444774
-1.2339973315
-1.2468242547
-1.2716749912
-1.2785186308
-1.2944351549
-1.2957195563
-1.2961135457
-1.2967995310
-1.3120608982
-1.3481078406
-1.3540441240
-1.3759923518
-1.3779580872
-1.4069903505
-1.4170131196
-1.4233871561
-1.4244280307
-1.4403395634
-1.4585453381
-1.4710634584
-1.4838468396
-1.4852304007
-1.4859768515
-1.5031771568
-1.5152830274
-1.5189889461
-1.5623763492
-1.5756700523
-1.5862159082
-1.6057325890
-1.6083301337
-1.6252097233
-1.6297887365
-1.6326769512
-1.6440637007
-1.6638433592
-1.6869877733
-1.6898801918
-1.7353100487
-1.7427196184
-1.7641173359
-1.7866232404
-1.8134160994
-1.8213551176
-1.8480807833
-1.8813915107
-1.8851399279
-1.8946522903
-1.9054934165
-1.9172138668
-1.9269830779
-1.9483279909
-1.9822925563
-2.0134748784
-2.0163836028
-2.0315668004
-2.0414506582
-2.0737923026
-2.0940194811
-2.0943308611
-2.1006865123
-2.1515993859
-2.1605706196
-2.1688600971
-2.1947083604
-2.2010064148
-2.2122675527
-2.2325374144
-2.2732268013
-2.2817990447
-2.3090525271
-2.3122255831
-2.3352466946
-2.3514028993
-2.3534559676
-2.3900583287
-2.4003946493
-2.4322232178
-2.4437936954
-2.5038014684
-2.5326766893
-2.5568048483
-2.5820001470
-2.6006223726
-2.6189129127
-2.6649977290
-2.7424011415
-2.7469615781
-2.8200499170
-2.8264783964
-2.8573204392
-2.8733583415
-3.0436137454
-3.1246184319
-3.1286468376
-3.1904172265
-3.2234134640
-3.2255857378
-3.2556861717
-3.3710616725
-3.3828932611
-3.4739514780
-3.5372837618
-3.5497517636
-3.7570199847
-3.7677229433
-3.8863877887
-3.9149400278
-4.8886929969
-4.9054608941
