Got input.Nx = 3
Got input.Ny = 3
Got input.hx = -1.9
args = 
Args: (only showing overrides of global args)
Nx=3
Ny=3
hx=-1.9

Using approx/svd conversion of AutoMPO->MPO

 checking point after Hqa
Eigenvalues: 

8.7735333653
7.3266671836
7.3124259526
7.1140975416
7.0612309126
7.0233229596
6.7105388839
6.5650483648
6.3640121386
6.0132212601
5.7963599426
5.7418618472
5.6722532157
5.6103382480
5.5308533206
5.4825964652
5.4758208413
5.4208692974
5.3962778884
5.3255543829
5.2789614435
5.2760601856
5.2248936130
5.1754149857
5.1373323572
4.9815276345
4.9760974543
4.9697359103
4.8905708235
4.8819406791
4.8429951837
4.7734999285
4.7298870797
4.6318405526
4.6200627344
4.5446040317
4.5210096569
4.5036792727
4.4726884764
4.3861488624
4.1903101907
4.1892840738
4.1567372802
4.0514792855
4.0378797521
4.0131133814
3.9665499753
3.9220248267
3.9041467259
3.8838221655
3.8622071589
3.8040774405
3.7865468630
3.7818035046
3.7308364169
3.7240655839
3.6801444806
3.6496957535
3.6396760904
3.6220363241
3.5984349533
3.5692758361
3.5630100029
3.5346637263
3.5124593926
3.5107168746
3.4992527165
3.4436842470
3.3884234163
3.3874267525
3.3786858478
3.3480265040
3.3050723198
3.2794912666
3.2771013282
3.2704764633
3.2227590836
3.2146018841
3.1988441417
3.1583784632
3.1204206108
3.1159204474
3.0767157593
3.0485574928
3.0424098206
3.0336960877
3.0201225436
3.0056978173
2.9824368068
2.9597758128
2.9270373350
2.9157789070
2.8887179833
2.8867079750
2.8606555339
2.8525258025
2.8407451871
2.7915128749
2.7828058124
2.7493911009
2.7486349345
2.7086869446
2.6576325772
2.6402581698
2.6332527853
2.5718426808
2.5694028517
2.5625723458
2.5415104871
2.5106061007
2.4702823538
2.4120583406
2.3764006131
2.3363144368
2.3258038727
2.2963201590
2.2954723390
2.2548416948
2.2233074091
2.2209810754
2.1585563643
2.1579208026
2.1353907965
2.1310739804
2.0966540462
2.0661652202
2.0551893756
2.0201789421
1.9950717995
1.9837638977
1.9788376239
1.9787177466
1.9546903165
1.9516619004
1.9344980045
1.9096959127
1.8872731939
1.8838124720
1.8605570459
1.8528788335
1.8504175374
1.8325175620
1.7933294907
1.7929154472
1.7897877794
1.7818920847
1.7765727170
1.7466102451
1.7073447305
1.6871825829
1.6666820576
1.6505471425
1.6404200443
1.6315642819
1.6110704483
1.5832538995
1.5677434941
1.5673460754
1.5469954863
1.5310997119
1.4973345475
1.4840045634
1.4486045842
1.4466642190
1.4432899197
1.4186757231
1.4119368679
1.4065098168
1.3976231471
1.3920405721
1.3697782489
1.3356007839
1.3031716857
1.2985494350
1.2780591234
1.2694763838
1.2622367061
1.2465923088
1.2217188142
1.2211530967
1.2037843732
1.1836367322
1.1743043675
1.1458436186
1.1388103533
1.1225575375
1.1202197600
1.1126573492
1.1115398864
1.0970664157
1.0914113122
1.0540166974
1.0486813951
1.0455495480
1.0425771928
1.0418608298
1.0054960066
1.0031819587
0.9955979153
0.9482373367
0.9474357202
0.9337666338
0.9233903038
0.8997379240
0.8969676328
0.8829651884
0.8616363599
0.8606500701
0.8403865936
0.8130640342
0.7834239757
0.7682486241
0.7370136485
0.7302066601
0.7059165163
0.7032065401
0.6508174385
0.6498160159
0.6466056677
0.6443917354
0.6222413780
0.5884235096
0.5233126290
0.5150107534
0.5097415790
0.5029478890
0.4495982287
0.4365541742
0.4182415025
0.4009599190
0.3379755114
0.3304460559
0.3230012540
0.2994381739
0.2641510365
0.2525735994
0.2486686642
0.2408209864
0.2404774134
0.2115107410
0.2104636837
0.1613160372
0.1602124227
0.1450017815
0.1230788949
0.1229669260
0.1222881988
0.1011063633
0.0840647807
0.0752518842
0.0517082095
0.0449154847
0.0389314247
-0.0072881724
-0.0162237036
-0.0234904830
-0.0266247834
-0.0361634375
-0.0661338885
-0.0700051607
-0.0959071945
-0.1026454894
-0.1089215779
-0.1387395415
-0.1649868013
-0.1740407894
-0.1760507728
-0.1966557036
-0.2052757092
-0.2250763266
-0.2314360574
-0.2415217535
-0.2645369638
-0.2647376569
-0.2932341873
-0.3077524999
-0.3372324299
-0.3390794061
-0.3472077015
-0.3476766385
-0.3503938241
-0.3767085530
-0.3812198785
-0.4184040449
-0.4591031655
-0.4804821601
-0.4833217482
-0.4867359613
-0.4999800702
-0.5188327408
-0.5307972626
-0.5343051240
-0.5504425207
-0.5688012152
-0.5914194478
-0.5966693042
-0.6086443486
-0.6299744497
-0.6353127877
-0.6418586895
-0.6898275034
-0.7026349992
-0.7113356683
-0.7310988443
-0.7354427030
-0.7388836891
-0.7607711520
-0.7763427163
-0.7854148310
-0.7875555756
-0.7929727992
-0.8024969449
-0.8140411809
-0.8378230063
-0.8457075872
-0.8532452676
-0.8586676755
-0.8760802057
-0.9034796318
-0.9090307402
-0.9299255701
-0.9510747676
-0.9546444318
-0.9589208877
-0.9766000258
-0.9897564278
-0.9969962901
-1.0377574418
-1.0454628127
-1.0636251448
-1.0773976263
-1.0909779521
-1.1077576089
-1.1138099705
-1.1596667628
-1.1801707280
-1.1832757900
-1.1912706262
-1.2087890054
-1.2235525053
-1.2235608250
-1.2446334933
-1.2761446331
-1.3088074058
-1.3185667089
-1.3272655932
-1.3780797481
-1.3969475189
-1.4360650021
-1.4392299379
-1.4398954044
-1.4542748020
-1.5302094457
-1.5358489298
-1.5606129028
-1.6211997668
-1.6367697061
-1.6942641864
-1.7046063222
-1.7193352979
-1.7335476545
-1.7402339156
-1.7485206231
-1.7879007088
-1.7944970396
-1.7977561121
-1.8208427610
-1.8590983662
-1.8654532287
-1.8850933250
-1.8970931366
-1.9021364676
-1.9391228193
-1.9407998161
-1.9470075885
-1.9735572076
-2.0231820324
-2.0391172462
-2.0689346277
-2.0773763077
-2.0826723136
-2.0890198710
-2.1118959977
-2.1160060712
-2.1276656502
-2.1578282116
-2.1842338607
-2.2119458614
-2.2172870300
-2.2210280145
-2.2560031308
-2.2573596703
-2.2619562040
-2.2857236011
-2.2929980150
-2.3066160773
-2.3127269992
-2.3483612563
-2.3842608359
-2.3848122689
-2.4242296577
-2.4284298056
-2.4608860859
-2.4620402014
-2.4766212314
-2.5427144075
-2.5486841941
-2.5663492173
-2.5667014950
-2.6207261361
-2.6265400794
-2.6287182209
-2.6357186645
-2.6795870986
-2.6963366368
-2.7008142473
-2.7367752866
-2.8009577993
-2.8106238898
-2.8158158890
-2.8249130896
-2.8305870052
-2.8349922476
-2.8551059700
-2.8821333528
-2.8959555043
-2.9353873613
-2.9357802029
-2.9445183910
-2.9935438073
-3.0244730118
-3.0485220708
-3.0644497143
-3.0801296610
-3.0991573615
-3.1344412068
-3.1762724751
-3.2056291814
-3.2249134853
-3.2513982678
-3.2774360058
-3.3642176162
-3.3669957338
-3.3843227427
-3.3959319124
-3.4008005094
-3.4498330604
-3.5094353709
-3.5197567991
-3.5426940096
-3.5756242004
-3.6711619564
-3.6936161061
-3.7229472063
-3.7699443272
-3.8584598495
-4.0039676874
-4.0047583643
-4.0055991066
-4.0111187449
-4.0171174015
-4.0178802759
-4.0706677358
-4.0982665410
-4.1463759925
-4.1477006461
-4.2043676023
-4.2541014744
-4.2627062984
-4.2678588729
-4.3338718251
-4.3429382883
-4.4124128573
-4.4273873218
-4.4579993673
-4.5142321444
-4.5159622189
-4.5766162508
-4.5903876152
-4.6110151287
-4.7167127551
-4.7371530691
-4.7726870636
-4.8505039048
-4.8795431250
-4.8996321867
-4.9504900375
-5.0563725105
-5.0812986002
-5.0966605084
-5.1255532804
-5.2391565736
-5.3382577375
-5.4193204758
-5.4275735831
-5.6177842897
-5.6626249875
-5.6788452105
-5.8737433194
-5.9424442763
-6.1803071753
-6.3728902059
-6.4078727893
-6.5539776322
-6.5920152629
-6.6508507939
-6.7103337653
-6.9678522277
-7.0797323462
-7.3750432702
-8.0519160749
-8.8923152582
