Got input.Nx = 3
Got input.Ny = 3
Got input.hx = -0.1
args = 
Args: (only showing overrides of global args)
Nx=3
Ny=3
hx=-0.1

Using approx/svd conversion of AutoMPO->MPO

 checking point after Hqa
Eigenvalues: 

2.0277267826
2.0277258085
1.6915315856
1.6915135065
1.6429978967
1.6429208216
1.6079811093
1.6076407699
1.5912112234
1.5911611146
1.5803880584
1.5802104315
1.5768532504
1.5767589983
1.5405669366
1.5404659285
1.5374995838
1.5374778395
1.5282866374
1.5276060829
1.5064787810
1.5060884186
1.4962350855
1.4962289578
1.4839618761
1.4839123459
1.4572406677
1.4571016834
1.4562465040
1.4557528268
1.4345223294
1.4344612911
1.4284120334
1.4282745936
1.3901935264
1.3901053367
1.3444616335
1.3444043645
1.2217691206
1.2215747448
1.1716365543
1.1714657997
1.1712438028
1.1701605808
1.1630948198
1.1630741488
1.1629938209
1.1629603074
1.1180049484
1.1176390854
1.1174679541
1.1172397176
1.1133889989
1.1133657463
1.1072973523
1.1064657921
1.1057046392
1.1050680328
1.0926798738
1.0920721307
1.0677841157
1.0674013235
1.0668653969
1.0666998991
1.0615158629
1.0598517498
1.0577391592
1.0573715646
1.0548535732
1.0543401844
1.0526536442
1.0525676499
1.0363674570
1.0359893718
1.0206037914
1.0196246356
1.0195591015
1.0191084816
1.0190135277
1.0163159031
1.0161803729
1.0159230914
1.0137525340
1.0136511175
1.0064927431
1.0050601812
1.0049962107
1.0035440561
0.9978064083
0.9977149785
0.9958165792
0.9955043769
0.9929887161
0.9920040712
0.9856002206
0.9853551844
0.9695187099
0.9686013414
0.9653930183
0.9636334062
0.9613849357
0.9612393628
0.9602541299
0.9601558651
0.9543570612
0.9542422810
0.9525223577
0.9523736237
0.9228925700
0.9227939056
0.9127663939
0.9126155839
0.9067830379
0.9047221894
0.9027981959
0.9019385145
0.8948273046
0.8943530659
0.8939035599
0.8934453998
0.8648902379
0.8628868618
0.8603945106
0.8591049864
0.8566641585
0.8564393552
0.8562285531
0.8562165138
0.8195570936
0.8187917350
0.6881499340
0.6867821175
0.6859330358
0.6842884580
0.6503951525
0.6499319774
0.6440701968
0.6431174118
0.6056862381
0.6045113068
0.6041547642
0.6033635594
0.6006812924
0.5992107444
0.5856194361
0.5848955019
0.5844630249
0.5835852491
0.5820640885
0.5815112182
0.5770134557
0.5763186555
0.5729047259
0.5727050453
0.5695947277
0.5670406761
0.5651615920
0.5646015046
0.5637038634
0.5635788815
0.5627637893
0.5613656844
0.5493312434
0.5474498520
0.5324782631
0.5313254082
0.5226377861
0.5213815897
0.5190321527
0.5179848530
0.5169893980
0.5168167499
0.5135253099
0.5126906926
0.5112230169
0.5107361253
0.5097532128
0.5092834183
0.4984706682
0.4978635593
0.4942080654
0.4933724887
0.4933231459
0.4917185238
0.4848874288
0.4841423914
0.4813304975
0.4812130508
0.4805663586
0.4803798034
0.4665058641
0.4664315780
0.4574244517
0.4552470768
0.4446981750
0.4444479280
0.4434359037
0.4433148931
0.4431666348
0.4422662168
0.4403627437
0.4400666994
0.4381767632
0.4362913204
0.4354185175
0.4346186181
0.4259918122
0.4251981146
0.4231402395
0.4212000901
0.4112352417
0.4106070258
0.4034240713
0.4033749549
0.4020867004
0.4018417822
0.3976289394
0.3948677696
0.3600614759
0.3589242161
0.3534399291
0.3515309756
0.3237802949
0.3220873266
0.3211150107
0.3192678664
0.1794605504
0.1789994953
0.1433523808
0.1433485660
0.1376772606
0.1360244638
0.1315039262
0.1312985911
0.1067380681
0.1065869445
0.0996388197
0.0996243072
0.0995782689
0.0995547157
0.0959505188
0.0949263294
0.0890257923
0.0870296688
0.0771812435
0.0771586386
0.0721281486
0.0709493047
0.0705902556
0.0702208775
0.0547005668
0.0546024454
0.0492651848
0.0492045507
0.0439265225
0.0437910866
0.0437670264
0.0436687837
0.0427767998
0.0427178599
0.0427036763
0.0425617151
0.0415706612
0.0407809215
0.0403465107
0.0399478114
0.0239346853
0.0229710134
0.0226698269
0.0218855856
0.0038342824
0.0034696920
0.0006102278
0.0000745278
-0.0004828867
-0.0006971191
-0.0057789979
-0.0058129682
-0.0067410937
-0.0074235699
-0.0090996466
-0.0097196316
-0.0097404066
-0.0105378266
-0.0248942071
-0.0253876540
-0.0256077168
-0.0259915950
-0.0499179384
-0.0502079497
-0.0508583613
-0.0511079668
-0.0515121291
-0.0518093553
-0.0526989627
-0.0527491211
-0.0544752988
-0.0545178563
-0.0546726754
-0.0547021024
-0.0560028408
-0.0561432306
-0.0561527600
-0.0562684276
-0.0685650167
-0.0690743964
-0.0733499519
-0.0735189684
-0.0789729003
-0.0806732566
-0.0903868364
-0.0907885906
-0.0922868221
-0.0923920557
-0.0973333368
-0.0973588753
-0.0973646815
-0.0975675490
-0.1057139396
-0.1082889505
-0.1266982137
-0.1268227235
-0.1473959581
-0.1474859404
-0.1522483501
-0.1537595651
-0.1826484227
-0.1831770521
-0.3122234985
-0.3122436779
-0.3440467804
-0.3440502018
-0.3997970087
-0.3998473977
-0.4019865322
-0.4026502925
-0.4047345482
-0.4051130018
-0.4059968319
-0.4063657545
-0.4153464319
-0.4157495857
-0.4174776774
-0.4179120227
-0.4263414393
-0.4281463990
-0.4330636205
-0.4333413036
-0.4333856335
-0.4342343193
-0.4390260749
-0.4391003793
-0.4391822274
-0.4393975201
-0.4406037986
-0.4413314905
-0.4704747191
-0.4714733133
-0.4799158127
-0.4818536329
-0.4837767765
-0.4845235188
-0.4876810233
-0.4881950970
-0.4882907636
-0.4888923148
-0.4902625412
-0.4902935706
-0.4957583308
-0.4959086218
-0.5035245070
-0.5035278437
-0.5048183141
-0.5048481124
-0.5176649692
-0.5181132966
-0.5203691311
-0.5208681070
-0.5224021805
-0.5229435577
-0.5248353156
-0.5250251038
-0.5277507406
-0.5282536119
-0.5284059034
-0.5292295952
-0.5426281635
-0.5434410207
-0.5708553480
-0.5709339175
-0.5717308062
-0.5720935199
-0.5738774831
-0.5739249014
-0.5778323725
-0.5780830881
-0.5821800323
-0.5825393778
-0.5834739117
-0.5845044377
-0.5903321381
-0.5906814191
-0.5940788117
-0.5946599250
-0.6031379796
-0.6032541051
-0.6049829847
-0.6051753347
-0.6128462194
-0.6141877395
-0.6147304167
-0.6147990217
-0.6714678961
-0.6720450097
-0.7021527636
-0.7023655029
-0.9261607346
-0.9261761910
-0.9262467208
-0.9262581329
-0.9604284475
-0.9604471928
-0.9605397028
-0.9605516380
-1.0003813851
-1.0005015678
-1.0042312391
-1.0043892422
-1.0093834954
-1.0093984244
-1.0094005379
-1.0094144184
-1.0117676655
-1.0118095620
-1.0118853026
-1.0119248661
-1.0144603369
-1.0144807536
-1.0244534569
-1.0244683712
-1.0604195115
-1.0604352694
-1.0605228244
-1.0605451439
-1.0987155387
-1.0987277841
-1.0988402589
-1.0988556286
-1.4117544793
-1.4118298205
-1.4131047813
-1.4131833028
-1.4250703241
-1.4251692042
-1.4253264801
-1.4254260004
-1.4732715662
-1.4733041655
-1.4754996505
-1.4755286619
-1.5089574572
-1.5089611071
-1.5089736447
-1.5089744656
-1.5089773366
-1.5089785181
-1.5089990413
-1.5090033219
-1.5322774053
-1.5323356207
-1.5342239437
-1.5342858656
-1.5856501703
-1.5857430523
-1.5859875324
-1.5860798955
-1.6093930260
-1.6094573066
-1.6110600109
-1.6111209309
-1.9279944918
-1.9279945887
-1.9292182713
-1.9292207550
-1.9629006353
-1.9629048548
-1.9629049789
-1.9629128709
-2.0091984656
-2.0091984659
-2.0129597785
-2.0129692563
-2.0142424218
-2.0142514993
-2.0628864251
-2.0628943452
-2.0628990038
-2.0629032711
-2.1004698866
-2.1004750400
-2.1018737846
-2.1018770027
-2.5137704374
-2.5137707097
-2.5137720500
-2.5137723352
-3.0116806965
-3.0116806970
-3.0116808041
-3.0116808045
-4.0141630981
-4.0141630984
