Got input.Nx = 3
Got input.Ny = 3
Got input.hx = -0.7
args = 
Args: (only showing overrides of global args)
Nx=3
Ny=3
hx=-0.7

Using approx/svd conversion of AutoMPO->MPO

 checking point after Hqa
Eigenvalues: 

3.6529375594
3.3326364555
3.3272044912
3.0775072758
3.0575726778
2.9770305296
2.9577019243
2.8645799030
2.7711237915
2.7507918350
2.7462762734
2.6599749877
2.6427043172
2.6157223811
2.5972157144
2.5253602931
2.5104438874
2.4901684480
2.4582132062
2.4446235109
2.4419157978
2.4368682748
2.3388717184
2.3180244449
2.3166749879
2.2910933187
2.2725251180
2.2175281106
2.1787199218
2.1757289179
2.1616127055
2.1507139404
2.1195820210
2.1160855294
2.1106257927
2.0709139434
2.0706789095
2.0516446741
2.0165132885
2.0076260652
2.0058080820
1.9651640675
1.9650370119
1.9592278083
1.9477605901
1.9435288446
1.9227176884
1.8984867110
1.8848223049
1.8637235866
1.8618597046
1.8454169221
1.8281187849
1.8140835730
1.8041831598
1.7857949569
1.7851244935
1.7803745858
1.7682306131
1.7516085357
1.7327076040
1.7113932270
1.6995384031
1.6781826539
1.6634439110
1.6464303449
1.6367234833
1.6176777359
1.6123287099
1.6021292102
1.5973915433
1.5946272935
1.5763234647
1.5439953941
1.5372386506
1.5327215305
1.5232306614
1.5120806614
1.5074239350
1.4911226366
1.4697910881
1.4605677814
1.4451696320
1.4432575960
1.4250253494
1.3997396132
1.3948542854
1.3920704502
1.3853257466
1.3795498671
1.3718028293
1.3560874507
1.3521444842
1.3500687644
1.3345669143
1.3302855803
1.3249871388
1.2985907151
1.2963404059
1.2908105850
1.2888638917
1.2887689529
1.2808828444
1.2783269332
1.2725945386
1.2505386653
1.2460456932
1.2405222077
1.2306586254
1.2220513546
1.2155912050
1.2052194778
1.1899726295
1.1837387226
1.1594878932
1.1551892206
1.1388311060
1.1370160001
1.1173303042
1.1087587853
1.0973244752
1.0969169661
1.0937437139
1.0775077971
1.0716204189
1.0651257216
1.0581571654
1.0557463976
1.0290093170
1.0274968990
1.0016825257
0.9920265425
0.9892095781
0.9764772876
0.9684122425
0.9680450188
0.9663875267
0.9538816870
0.9405600316
0.9347601198
0.9332548537
0.9311317778
0.9145669204
0.9092704471
0.8974480770
0.8805980516
0.8796907942
0.8754615805
0.8581777596
0.8426198073
0.8355321743
0.8316940758
0.8060226143
0.7915999552
0.7854801173
0.7834641592
0.7801481461
0.7629975897
0.7576219089
0.7478268783
0.7416753945
0.7371986808
0.7331994114
0.7264572432
0.7196111831
0.7182101952
0.7145741461
0.7063578016
0.7041941944
0.7039498907
0.7021819620
0.6967414649
0.6731715344
0.6730179801
0.6688003373
0.6684847824
0.6413090581
0.6357342708
0.6327382849
0.6267875981
0.6253100917
0.6070524417
0.5934246485
0.5891939262
0.5873969513
0.5846040540
0.5771856302
0.5682098500
0.5614966670
0.5612993441
0.5362783177
0.5345927956
0.5253492058
0.5242193153
0.5149721463
0.4888914289
0.4860514458
0.4830026823
0.4762284568
0.4752449437
0.4743155129
0.4704871296
0.4692171033
0.4666206736
0.4659778168
0.4425354348
0.4299717078
0.4285844707
0.4203485214
0.3976124837
0.3922436905
0.3851442713
0.3802061586
0.3748162705
0.3724350754
0.3654188631
0.3578697070
0.3419370295
0.3415192579
0.3324520925
0.3314654998
0.3267639789
0.3235336713
0.3212464655
0.3172506659
0.3000476447
0.2938528919
0.2824561092
0.2803123773
0.2533999627
0.2297044452
0.2262838515
0.2250086360
0.2226185905
0.2213112260
0.2203208996
0.2188744851
0.2135920183
0.1962694004
0.1883869214
0.1883766345
0.1700436392
0.1634870593
0.1592071311
0.1432989971
0.1366558820
0.1244446756
0.1147468902
0.1101185123
0.1021029977
0.0933888072
0.0839885704
0.0773539219
0.0750530742
0.0673809001
0.0578672754
0.0577019279
0.0505823269
0.0432232167
0.0417237738
0.0191304788
0.0078352987
-0.0003891535
-0.0057827384
-0.0097408140
-0.0174709969
-0.0184906791
-0.0301389232
-0.0395763201
-0.0422960350
-0.0450314370
-0.0470183230
-0.0493439125
-0.0533050595
-0.0645535994
-0.0687472380
-0.0859363326
-0.1203675857
-0.1223970316
-0.1280745245
-0.1384924114
-0.1546239687
-0.1645538652
-0.1679751436
-0.1721599167
-0.1861986748
-0.1871428721
-0.1956008000
-0.1996407814
-0.2036110487
-0.2057991040
-0.2116358767
-0.2143812522
-0.2173379959
-0.2345980394
-0.2515863808
-0.2585376797
-0.2609865406
-0.2627001196
-0.2725181429
-0.2732202468
-0.2827415715
-0.2892914557
-0.2919479322
-0.2979514997
-0.3009124324
-0.3148837533
-0.3352361023
-0.3357322508
-0.3426193689
-0.3467342239
-0.3475877181
-0.3500491535
-0.3692510258
-0.3739782412
-0.3862480294
-0.3875860538
-0.3891485375
-0.3940609378
-0.3955743621
-0.4023648069
-0.4177577029
-0.4189603392
-0.4260386529
-0.4271906248
-0.4289216808
-0.4461638050
-0.4733555593
-0.4866130809
-0.4885095199
-0.4940903901
-0.4986389058
-0.5042484787
-0.5112523257
-0.5200552514
-0.5267154712
-0.5345682697
-0.5371360703
-0.5472434015
-0.5478059267
-0.5726926737
-0.5793173138
-0.5823169828
-0.5850586469
-0.5914652424
-0.5958951443
-0.6040265353
-0.6072724793
-0.6201135185
-0.6272548320
-0.6422241822
-0.6463163689
-0.6556443697
-0.6611092126
-0.6826520437
-0.6899587666
-0.6961266123
-0.7027832123
-0.7093897318
-0.7336984420
-0.7521609359
-0.7673435951
-0.7776342455
-0.7792192580
-0.7829199921
-0.8010964311
-0.8035936078
-0.8305289204
-0.8375566780
-0.8402679264
-0.8476485491
-0.8513741435
-0.8604661374
-0.8640192867
-0.8869327542
-0.8899133504
-0.8923473636
-0.8954020487
-0.9149684653
-0.9162422317
-0.9205108036
-0.9247691236
-0.9557826906
-0.9587157656
-0.9774415760
-0.9831224943
-1.0231233503
-1.0319213616
-1.0322972440
-1.0337434183
-1.0376200577
-1.0552314665
-1.0708563598
-1.0805741403
-1.0876607331
-1.0927343595
-1.0930331110
-1.1084100320
-1.1125577882
-1.1165339890
-1.1211912669
-1.1380973272
-1.1389185246
-1.1529431561
-1.1618918761
-1.1867200474
-1.1911206386
-1.2010307361
-1.2130792476
-1.2213828315
-1.2233054993
-1.2355117146
-1.2359969593
-1.2839385625
-1.2956089709
-1.3034246499
-1.3139000703
-1.3160537025
-1.3217976873
-1.3237352940
-1.3465779751
-1.3510363918
-1.3643266125
-1.3652711146
-1.3675319438
-1.3763892904
-1.4138441400
-1.4334016212
-1.4457242112
-1.4617367001
-1.4773050124
-1.4813268403
-1.4891852172
-1.4916374641
-1.4918727355
-1.5107630708
-1.5153586800
-1.5219929755
-1.5313668575
-1.5566635586
-1.6002484786
-1.6187096147
-1.6351357545
-1.6547535805
-1.6555275849
-1.7191221578
-1.7272457509
-1.7343850631
-1.7487890826
-1.7652053539
-1.7804899674
-1.7874624952
-1.7951966638
-1.8058311417
-1.8698289835
-1.8899006493
-1.8965677007
-1.9008095766
-1.9223535536
-1.9292972170
-1.9317870731
-1.9358166863
-1.9572298583
-1.9956362525
-1.9966678614
-2.0302476257
-2.0369432926
-2.0456390272
-2.0513959310
-2.1015421858
-2.1233253308
-2.1375596552
-2.1622680679
-2.1680204640
-2.1768666941
-2.1921135628
-2.2144874968
-2.2217547319
-2.2691803083
-2.2732423069
-2.2857905053
-2.3518864537
-2.3640199808
-2.3762399546
-2.4110822506
-2.4340132115
-2.4675167222
-2.5184518579
-2.5714947294
-2.5798429019
-2.6231636508
-2.6287531640
-2.6466172569
-2.6737622341
-2.8649273638
-2.9183365783
-2.9265613442
-2.9572038689
-3.0282194845
-3.0379596761
-3.0825341665
-3.1799250691
-3.1864541569
-3.2602222552
-3.2773467950
-3.3454578426
-3.5844749068
-3.5880435751
-3.6498188398
-3.6638574922
-4.6848349628
-4.6910914462
