Got input.Nx = 3
Got input.Ny = 3
Got input.hx = -0.5
args = 
Args: (only showing overrides of global args)
Nx=3
Ny=3
hx=-0.5

Using approx/svd conversion of AutoMPO->MPO

 checking point after Hqa
Eigenvalues: 

2.8957433668
2.7407371599
2.7234421698
2.5365902841
2.4653188102
2.4572864808
2.4178943162
2.3631832230
2.3102432535
2.2680952711
2.2494124327
2.2272775971
2.1904066795
2.1667804677
2.1456160912
2.1263198025
2.0742568672
2.0531510369
2.0310343073
2.0299236994
2.0196797917
2.0020830196
1.9554635661
1.9437399371
1.9371909806
1.9287482859
1.8931895474
1.8831542323
1.8804337924
1.8689208567
1.8466301252
1.8147951808
1.8072604790
1.7737169728
1.7654672287
1.7379238452
1.7349244605
1.7219159312
1.6670791452
1.6663376685
1.6660063333
1.6621463650
1.6549275051
1.6465570205
1.6430917152
1.6357486515
1.6254534820
1.6131000736
1.6108402304
1.5793355084
1.5566260249
1.5551391418
1.5481195135
1.5457660462
1.5372055780
1.5280466488
1.5244895538
1.5133449494
1.4755716218
1.4606095885
1.4563764768
1.4510829508
1.4287435826
1.4278791724
1.4198688984
1.4083693578
1.4066248506
1.3944475801
1.3935471263
1.3905289107
1.3755284313
1.3664919760
1.3430652163
1.3402689938
1.3374727838
1.3280297474
1.3234053270
1.3139803082
1.2970516688
1.2741888931
1.2570584099
1.2442019256
1.2369599468
1.2347940159
1.2234440433
1.2216026061
1.2151390907
1.2007605797
1.1971371682
1.1948027993
1.1816265432
1.1703807077
1.1680360032
1.1617928439
1.1606013792
1.1580779879
1.1576390880
1.1355278227
1.1347349888
1.1218965730
1.1177810732
1.1170018567
1.1154188070
1.1096826888
1.0923890502
1.0839676663
1.0766499041
1.0652980659
1.0639011733
1.0576080361
1.0356552311
1.0223874300
1.0175105317
1.0089744590
1.0079350843
0.9992268241
0.9776937583
0.9752867802
0.9695992982
0.9606833217
0.9593183276
0.9536831976
0.9430087516
0.9425395291
0.9389549674
0.9298584307
0.9198108149
0.8999334943
0.8955521890
0.8804386240
0.8732696892
0.8666925565
0.8617633160
0.8562323879
0.8465714434
0.8434790030
0.8255857292
0.8160440348
0.8115836716
0.8074823410
0.8047511446
0.7932977916
0.7906954695
0.7597434348
0.7568160785
0.7553569250
0.7539511820
0.7513677622
0.7462997787
0.7459859309
0.7357163458
0.7214702446
0.7168754374
0.7123158751
0.6982732526
0.6930768589
0.6788248372
0.6770332028
0.6767834191
0.6763986832
0.6743276898
0.6682554460
0.6676441930
0.6591103827
0.6555716292
0.6503968787
0.6499881660
0.6432082188
0.6412000281
0.6387214268
0.6308239188
0.6223270674
0.6141272385
0.6084467764
0.5925856996
0.5901348065
0.5868345414
0.5791699816
0.5775036119
0.5762976668
0.5523028345
0.5478507827
0.5416058073
0.5353106620
0.5220497343
0.5216963700
0.5155991916
0.5131989914
0.5031421010
0.5027503596
0.4940457954
0.4867388450
0.4852543919
0.4850757402
0.4591350889
0.4556076279
0.4497160017
0.4495168327
0.4393986660
0.4360383136
0.4317210510
0.4306466150
0.4117902907
0.4065878340
0.4052898977
0.3988750751
0.3890617326
0.3834880089
0.3684808734
0.3628722197
0.3581834537
0.3564395963
0.3557968125
0.3513841779
0.3453260739
0.3358136299
0.3240743899
0.3230099031
0.3229305430
0.3047773884
0.2967519405
0.2949116588
0.2866782087
0.2837817047
0.2770306957
0.2724181627
0.2691006311
0.2561098143
0.2531944889
0.2493934978
0.2399593264
0.2327210120
0.2205558010
0.2134931842
0.2075755090
0.2058169199
0.2030668840
0.1961919645
0.1921683108
0.1918019938
0.1898415915
0.1746649115
0.1592874783
0.1523598280
0.1389003232
0.1273473666
0.1238416085
0.1205755407
0.1152189443
0.1010332328
0.0979712936
0.0868354691
0.0849554542
0.0837812957
0.0829030206
0.0795498759
0.0778199641
0.0685672687
0.0663098491
0.0652683665
0.0537990697
0.0513903885
0.0441879363
0.0296629577
0.0249783146
0.0117995731
0.0087617535
0.0083306216
-0.0008389256
-0.0104998393
-0.0110676091
-0.0182419711
-0.0213093180
-0.0291881412
-0.0449300894
-0.0550817502
-0.0559875155
-0.0620620146
-0.0769045592
-0.0785182985
-0.0926556158
-0.0947127746
-0.1013858253
-0.1154987329
-0.1168087659
-0.1280476549
-0.1350522392
-0.1414310574
-0.1424972044
-0.1708550192
-0.1728560081
-0.1735396757
-0.1850676872
-0.1914897865
-0.1922025871
-0.1952058412
-0.2005945723
-0.2013914715
-0.2044788984
-0.2052357043
-0.2215516064
-0.2249743864
-0.2316476693
-0.2334867637
-0.2480141570
-0.2482214740
-0.2570510730
-0.2667073262
-0.2688057736
-0.2732937814
-0.2763318198
-0.2768088699
-0.2781080125
-0.2816253770
-0.2820242571
-0.2878428561
-0.2922981075
-0.3076441189
-0.3079510120
-0.3125200361
-0.3203737690
-0.3231813684
-0.3286559009
-0.3407125460
-0.3458838876
-0.3478405668
-0.3531918550
-0.3532746923
-0.3576187547
-0.3658892343
-0.3663212041
-0.3729308699
-0.3817285420
-0.4026185384
-0.4047268549
-0.4072092538
-0.4124786359
-0.4168320003
-0.4244223996
-0.4319911353
-0.4445191508
-0.4451495955
-0.4538763718
-0.4651005493
-0.4723744095
-0.4801400218
-0.4901095045
-0.5059353129
-0.5070374942
-0.5268979352
-0.5294170368
-0.5318490222
-0.5438427385
-0.5466001082
-0.5752813020
-0.5783425123
-0.5799669021
-0.5904907243
-0.5940493825
-0.6041658586
-0.6191567388
-0.6255923020
-0.6329398400
-0.6537368561
-0.6584735797
-0.6610630360
-0.6611822309
-0.6617932852
-0.6644648885
-0.6719192334
-0.6785750917
-0.6975100991
-0.7071542621
-0.7091366575
-0.7217917306
-0.7233888016
-0.7234415950
-0.7297976894
-0.7302070285
-0.7368663372
-0.7375806107
-0.7470686790
-0.7630160088
-0.7823371467
-0.7945066834
-0.8097049992
-0.8162751912
-0.8468392163
-0.8671563892
-0.8809713212
-0.8831933493
-0.8920332908
-0.9087470963
-0.9108767230
-0.9237514552
-0.9240901899
-0.9243502258
-0.9267984745
-0.9454000467
-0.9534524373
-0.9600640208
-0.9613539836
-0.9657594736
-0.9929893755
-0.9930399465
-0.9965628226
-1.0164680415
-1.0177004713
-1.0355233201
-1.0357510982
-1.0414601553
-1.0415137374
-1.0467215412
-1.0467493559
-1.0635167345
-1.0708205307
-1.0732679798
-1.0859652370
-1.1074632094
-1.1101368004
-1.1148800576
-1.1394889241
-1.1711658506
-1.1741674110
-1.1809339415
-1.1994765210
-1.2244096148
-1.2253381053
-1.2373768361
-1.2712525162
-1.2771485330
-1.2888736908
-1.2908811623
-1.2970139125
-1.3156048481
-1.3255422185
-1.3282780504
-1.3418682414
-1.3482655259
-1.3523801222
-1.3568081347
-1.3667227579
-1.3706926594
-1.3841323801
-1.3881678051
-1.4056695957
-1.5052415544
-1.5055595928
-1.5164048459
-1.5268202812
-1.5338598702
-1.5520556639
-1.5529299769
-1.5870998125
-1.6194033829
-1.6488341467
-1.6555039256
-1.6569007473
-1.6777703103
-1.7133163603
-1.7148181242
-1.7216959169
-1.7278227715
-1.7306117177
-1.7319052982
-1.7408694535
-1.7594292868
-1.7674250070
-1.7696754176
-1.7864697141
-1.8083352688
-1.8118187186
-1.9112095712
-1.9205253454
-1.9578933695
-1.9798121823
-1.9858861878
-2.0009729825
-2.0460348587
-2.0599112554
-2.0616440270
-2.0644732532
-2.0692301975
-2.0873266789
-2.1051730710
-2.1336221171
-2.2395739497
-2.2420689491
-2.2468805997
-2.2531591632
-2.2913175879
-2.2917125294
-2.3525259722
-2.3542712799
-2.5386914957
-2.5590336702
-2.5599122100
-2.5628888721
-2.6781591245
-2.6871550562
-2.7672106576
-2.8165305314
-2.8518660323
-2.8542840802
-2.8680539917
-2.9033666798
-3.2982327479
-3.2984719125
-3.3060131136
-3.3065804958
-4.3520562886
-4.3524810665
