Got input.Nx = 3
Got input.Ny = 3
Got input.hx = -2.3
args = 
Args: (only showing overrides of global args)
Nx=3
Ny=3
hx=-2.3

Using approx/svd conversion of AutoMPO->MPO

 checking point after Hqa
Eigenvalues: 

10.5392266154
8.6998159338
8.6868226874
8.4930889805
8.4367416981
8.4046630252
8.0840968130
7.9368670373
7.7274647208
7.3588759758
6.7765526425
6.7256072686
6.6590197306
6.5932438887
6.5156556148
6.4673781459
6.4612652499
6.4101313217
6.3834265589
6.3096799500
6.2590534182
6.2567095823
6.2143130825
6.1568204332
6.1235985538
5.9640976926
5.9561513893
5.9559822578
5.8695074243
5.8597539978
5.8253847812
5.7569457817
5.7071168173
5.6030513167
5.5968600733
5.5171394113
5.4935147393
5.4846441648
5.4429334101
5.3477503188
5.1579641341
5.1567925114
4.9985934132
4.9768169872
4.7584031415
4.7454561960
4.6435981082
4.5589069196
4.5128234667
4.5009169425
4.4781719945
4.4541931397
4.3806394919
4.3773529254
4.3739975483
4.3227068353
4.3179687332
4.2683867859
4.2435664731
4.2277417072
4.2130973638
4.1911207698
4.1586290301
4.1553392412
4.1281049733
4.1059438017
4.0964200406
4.0904034260
3.9788407205
3.9773713162
3.9727981340
3.9418573786
3.8918612487
3.8711941061
3.8676745080
3.8624405256
3.8081220983
3.8026740456
3.7910458147
3.7469881656
3.7102043026
3.7026998912
3.6673476379
3.6337601402
3.6292013593
3.6240217667
3.6031642857
3.5943674118
3.5689314568
3.5439217263
3.5195192208
3.5018727769
3.4758106158
3.4723402218
3.4546745272
3.4425533052
3.4191865063
3.3832612804
3.3693548464
3.3412723791
3.3272601092
3.2897237583
3.2360152675
3.2241828606
3.2195062216
3.1598429870
3.1519508925
3.1437557809
3.1212935589
3.0901376276
3.0524331685
2.9891044977
2.9187633234
2.9020148764
2.8787586675
2.8678663181
2.8346857581
2.8043093833
2.7363164319
2.7263068969
2.6192138907
2.5765256566
2.5615318799
2.5218246889
2.4533798157
2.4183682450
2.4058921419
2.3584117745
2.3365543612
2.3274249970
2.2953398328
2.2686720410
2.2317457069
2.2239285127
2.1886840257
2.1826343413
2.1812632653
2.1796913418
2.1499409359
2.1295800669
2.1076317455
2.0826645732
2.0558941737
2.0547592069
2.0517356363
2.0023137470
1.9890211027
1.9885636050
1.9812551077
1.9798077039
1.9468364023
1.9059513757
1.8842949463
1.8488728716
1.8367026846
1.8070572552
1.7838168164
1.7680967484
1.7630713189
1.7452469454
1.7312504675
1.6919748612
1.6813880474
1.6424528220
1.6408232445
1.6169702315
1.6114117163
1.6067055897
1.5934967228
1.5908489353
1.5797568393
1.5672263669
1.5281596851
1.4969627319
1.4966130360
1.4748921354
1.4616216992
1.4584676532
1.4406441600
1.4150729023
1.4116532790
1.4014667757
1.3768850505
1.3711928246
1.3442243740
1.3356638772
1.3162033940
1.3161859384
1.3079614737
1.3068109807
1.2948805107
1.2907801305
1.2552159864
1.2476511692
1.2409085433
1.2294990859
1.2017376978
1.2005785583
1.1876204157
1.1504604008
1.1455219265
1.1359662293
1.1179862743
1.0952540027
1.0873543703
1.0767836204
1.0568387243
1.0542838596
1.0343615475
1.0024613695
0.9798491921
0.9565593944
0.9328948985
0.9258138005
0.9019995473
0.8957241644
0.8451910356
0.8425554148
0.8414655261
0.8379961107
0.8141292650
0.7747654411
0.7134962535
0.7075701011
0.7048081630
0.6953345770
0.6445204239
0.6213369113
0.5990300496
0.5173703690
0.5158080794
0.5127586880
0.4838989736
0.4545276948
0.4365624918
0.4314299326
0.4205295943
0.3978391726
0.3188708305
0.3134671513
0.2863800223
0.2692743605
0.2291953560
0.2228558312
0.1689039752
0.1653810952
0.0597808133
0.0370529668
0.0166345204
0.0156672236
-0.0181273727
-0.0311846158
-0.0328819182
-0.0494405700
-0.0516939815
-0.0736106162
-0.0944196446
-0.1198949915
-0.1499247415
-0.1529170338
-0.1572324291
-0.1701351180
-0.2059005181
-0.2272673094
-0.2331066440
-0.2553379467
-0.2574112835
-0.2857292790
-0.3007933543
-0.3012910908
-0.3576179464
-0.3663890552
-0.3682693155
-0.3843031826
-0.4137185906
-0.4263636396
-0.4317118329
-0.4568590470
-0.4863344098
-0.5030363522
-0.5340381021
-0.5438345266
-0.5461647816
-0.5712990836
-0.5761059034
-0.6081288395
-0.6234025645
-0.6533077922
-0.6777026498
-0.6780903738
-0.6814837192
-0.6979342666
-0.7124312911
-0.7281511753
-0.7442914738
-0.7623258761
-0.7843438039
-0.8086956504
-0.8303705678
-0.8350931308
-0.8381630963
-0.8866435157
-0.9027845405
-0.9028719116
-0.9264406695
-0.9276687054
-0.9357983045
-0.9548148755
-0.9756613214
-0.9832837665
-0.9925909434
-1.0010276495
-1.0049357055
-1.0307599480
-1.0353412387
-1.0407472008
-1.0476755896
-1.0536294130
-1.0719059896
-1.0937390158
-1.1104764508
-1.1273752758
-1.1427932915
-1.1504308198
-1.1523267691
-1.1732772465
-1.1844223532
-1.1971054600
-1.2299149157
-1.2381024069
-1.2613920219
-1.2767910194
-1.2832096260
-1.3042207243
-1.3069723910
-1.3545138226
-1.3803113401
-1.3898094842
-1.4104234608
-1.4197587231
-1.4230847652
-1.4370541506
-1.4702825426
-1.5038026854
-1.5178062487
-1.5268134866
-1.5707485874
-1.5949296747
-1.6332691067
-1.6373498974
-1.6373712648
-1.6475221573
-1.7251371192
-1.7282742999
-1.7586755171
-1.8250200939
-1.8387188712
-1.8852284595
-1.9000387302
-1.9176024126
-1.9418083298
-1.9502176801
-1.9856894668
-1.9933228904
-2.0159209576
-2.0557837382
-2.0906160861
-2.1339495804
-2.1531848321
-2.2332737022
-2.2410439859
-2.3012974207
-2.3097149679
-2.3183308011
-2.3345675927
-2.3752203861
-2.4157092470
-2.4484867170
-2.4705456105
-2.4892808294
-2.5141805241
-2.5202848597
-2.5206793672
-2.5524675794
-2.5557258876
-2.6560746216
-2.6566686373
-2.6615066526
-2.6945004190
-2.7444810798
-2.7560602605
-2.7671439037
-2.7970968390
-2.8050956510
-2.8357388733
-2.8435953553
-2.8445013294
-2.8479250075
-2.8674646893
-2.8752503205
-2.9611831847
-2.9662807268
-3.0090039901
-3.0163329957
-3.0360561781
-3.0471705691
-3.0553897460
-3.0562186187
-3.1277562132
-3.1475012593
-3.1519324204
-3.2084634563
-3.2117321407
-3.2246152630
-3.2672646391
-3.2873576010
-3.2919388374
-3.3226447471
-3.3867880160
-3.3970091285
-3.4128898701
-3.4151835840
-3.4275492093
-3.4386352948
-3.4549423688
-3.4742025570
-3.4910090451
-3.5185793892
-3.5204517134
-3.5265256843
-3.5764201513
-3.6101936049
-3.6360396228
-3.6455107556
-3.6658527710
-3.6765281812
-3.7222538592
-3.7623900119
-3.7917741797
-3.8359547791
-3.8592292087
-3.9326407502
-3.9448970746
-3.9637439644
-3.9780333003
-3.9833078638
-4.0270757053
-4.1038646300
-4.1040003243
-4.1239285091
-4.1727281573
-4.2540987582
-4.2629084502
-4.2950168056
-4.3526511044
-4.4372930525
-4.5853603568
-4.5919074274
-4.5965752451
-4.6080747670
-4.6809167503
-4.7366896023
-4.9239627604
-4.9743192953
-4.9865648879
-5.0133548091
-5.0386778150
-5.1189698722
-5.1731776895
-5.1987026410
-5.2242668679
-5.2354271510
-5.2377129883
-5.3026295618
-5.3869157691
-5.4302742777
-5.4806038586
-5.4813379983
-5.5491975521
-5.5602822287
-5.6822133267
-5.6962270794
-5.7132496494
-5.7472309019
-5.8287393458
-5.8534822108
-5.8713970699
-5.9263350831
-6.0289391957
-6.0796730106
-6.1028323343
-6.2136360921
-6.3046431171
-6.3777504855
-6.3855184678
-6.5684284815
-6.6336094797
-6.6437065743
-6.8418324771
-6.8949908280
-7.1398544150
-7.6708292232
-7.7262282407
-7.7544256224
-7.9035605966
-7.9507966078
-7.9956014692
-8.3205414535
-8.4466672893
-8.7350049982
-9.3691911840
-10.6168041876
