Got input.Nx = 3
Got input.Ny = 3
Got input.hx = -3.3
args = 
Args: (only showing overrides of global args)
Nx=3
Ny=3
hx=-3.3

Using approx/svd conversion of AutoMPO->MPO

 checking point after Hqa
Eigenvalues: 

14.9869501020
12.1586032513
12.1482313456
11.9606065450
11.8992376052
11.8760843080
11.5453881866
11.3959966482
11.1744262460
10.7780533091
9.2464584161
9.2005811547
9.1378566664
9.0672262684
8.9928265462
8.9444889929
8.9390257047
8.8936533199
8.8633677641
8.7856178515
8.7291263826
8.7275994429
8.6982311220
8.6290215278
8.6031397729
8.4391329062
8.4358254513
8.4273498547
8.3383913858
8.3273034067
8.3012482990
8.2326119958
8.1737943912
8.0664717308
8.0646408221
7.9719570983
7.9571659874
7.9525948523
7.8982208945
7.7910413047
7.6121043795
7.6108221071
7.4424387331
7.4258529483
7.1944464387
6.7909741948
6.2277550466
6.1310293447
6.0469596231
5.9981482899
5.9950679518
5.9702944693
5.9416843958
5.8628162656
5.8606798871
5.8096552783
5.8091375555
5.7504755659
5.7338732383
5.7094303400
5.6991519233
5.6796362505
5.6438352914
5.6427377890
5.6176842441
5.5988998802
5.5748974652
5.5738142127
5.4649495193
5.4639597096
5.4619605063
5.4322945226
5.3733091323
5.3651046033
5.3505938993
5.3501737522
5.2862813193
5.2859326908
5.2793186211
5.2301932877
5.1958403820
5.1837934564
5.1549027382
5.1124853467
5.1100524485
5.1100331731
5.0788781749
5.0769473263
5.0523286390
5.0203310950
5.0054786636
4.9834186394
4.9593373353
4.9546970844
4.9442175516
4.9251158288
4.8900722629
4.8701809290
4.8496841677
4.8293955374
4.7983270858
4.7635292717
4.7024151321
4.7009960138
4.7004882619
4.6455982639
4.6236073276
4.6152610290
4.5922754594
4.5599543692
4.5283720325
4.4569642330
4.3954934710
4.3664177646
4.3578367134
4.3296221559
4.3064233852
4.2785263009
4.2052182293
4.1818682833
4.0682022342
4.0158771301
3.9772628927
3.9116532533
3.8725292094
3.8170727512
3.6847552348
3.6308459517
3.4428980572
3.0749083687
2.9973775982
2.9136186581
2.8370375281
2.8212543529
2.7930384407
2.7705817517
2.7281052485
2.6842629201
2.6797557624
2.6796951423
2.6459675311
2.6211270130
2.6035227426
2.5758025734
2.5568168353
2.5537396106
2.5486777775
2.4873754212
2.4821561623
2.4817644863
2.4758490180
2.4442952801
2.4031664188
2.3798575720
2.3460326570
2.3311489369
2.3003603254
2.2840010472
2.2682027133
2.2571536912
2.2419269299
2.2314914228
2.1834194455
2.1772758932
2.1376048555
2.1352264432
2.1134382031
2.1103430553
2.1072614731
2.0883287247
2.0864607164
2.0622074006
2.0171623832
1.9950170367
1.9874713521
1.9714190049
1.9529054356
1.9495749100
1.9330652591
1.9063415468
1.8996977799
1.8974498864
1.8711183957
1.8625430034
1.8457192818
1.8326104379
1.8116788228
1.8063882965
1.7993162577
1.7958293967
1.7916217433
1.7912172381
1.7566697042
1.7461306965
1.7326434486
1.7116273139
1.6957644570
1.6948589950
1.6760599832
1.6537789433
1.6429693092
1.6389528591
1.6113069725
1.5892192666
1.5751357896
1.5669984636
1.5494857372
1.5461543028
1.5267513301
1.4872880520
1.4752363343
1.4402049432
1.4277582834
1.4190470133
1.3973506540
1.3878772595
1.3412491890
1.3373570198
1.3285646013
1.3260364574
1.3022132300
1.2551456056
1.2059988673
1.2008596692
1.1908175017
1.1857029046
1.1380354634
1.1012457758
1.0977410110
0.9982280174
0.9976537565
0.9915073050
0.9637157400
0.9410977732
0.9190768514
0.9143488305
0.8943451284
0.8789721832
0.8161163642
0.8006172806
0.7687028933
0.7491710204
0.6845715310
0.6527784145
0.6381806698
0.5079159031
0.4931789869
0.4690254512
0.4376954150
0.3673757742
0.3197220980
0.3039704044
0.1096982588
0.0262340576
-0.1688904594
-0.2576109023
-0.4263546836
-0.4763853283
-0.5196361683
-0.5258780051
-0.5425314493
-0.5696774792
-0.5902024984
-0.6152326900
-0.6428249625
-0.6433718090
-0.6928130761
-0.7276057569
-0.7288536068
-0.7371455885
-0.7484756934
-0.7727082372
-0.7910412009
-0.7995036777
-0.8563089645
-0.8577603327
-0.8681577109
-0.8990843875
-0.9196132859
-0.9475608515
-0.9777586833
-0.9965051572
-1.0279855446
-1.0372108590
-1.0411986372
-1.0649519959
-1.0715874593
-1.0951566182
-1.1462270380
-1.1653129888
-1.1750017993
-1.1791974254
-1.1956443942
-1.2050867887
-1.2194886753
-1.2362280059
-1.2529169663
-1.2745815784
-1.3087637589
-1.3309291730
-1.3312037851
-1.3341124413
-1.3835217546
-1.3906387526
-1.4036835161
-1.4135579904
-1.4227646106
-1.4304819316
-1.4480426945
-1.4728995375
-1.4785887171
-1.4920482581
-1.4923943452
-1.5002053068
-1.5309991925
-1.5338318974
-1.5394133356
-1.5478096485
-1.5668221045
-1.5783824771
-1.6120359031
-1.6188633440
-1.6374826716
-1.6424920383
-1.6449763461
-1.6693814114
-1.6748684809
-1.6981567753
-1.7075884411
-1.7367942544
-1.7576736730
-1.7731989141
-1.7752482820
-1.7963114365
-1.7992001549
-1.8478071229
-1.8731535124
-1.8876145853
-1.9122485565
-1.9135380282
-1.9219163232
-1.9254490347
-1.9642719645
-1.9965376868
-2.0142944218
-2.0235747389
-2.0570222686
-2.0934254500
-2.1262217441
-2.1283734832
-2.1384324752
-2.1421053336
-2.2141180621
-2.2179409203
-2.2542921940
-2.3318106576
-2.3398120064
-2.3705889768
-2.3925763020
-2.4121735888
-2.4385983423
-2.4506883557
-2.4820852626
-2.4842638533
-2.5033989280
-2.5489759750
-2.5821862225
-2.6239339382
-2.6595603076
-2.7337698074
-2.7393462430
-2.8174684719
-2.8214664465
-2.8405834136
-2.9095442128
-3.0196827410
-3.0236733560
-3.0522455052
-3.2596884446
-3.3539481429
-3.5510471676
-3.7790257200
-3.8504455136
-3.9266917426
-3.9533244640
-3.9740754574
-3.9802338697
-3.9942146525
-4.0335206404
-4.1287445818
-4.1334723040
-4.1413406504
-4.1714891765
-4.2269478667
-4.2437994005
-4.2778133220
-4.2832554326
-4.3070098342
-4.3233251824
-4.3373329016
-4.3437499219
-4.3527868205
-4.4310967676
-4.4390259188
-4.4907506071
-4.5004489112
-4.5290203106
-4.5296600419
-4.5494500379
-4.6083250707
-4.6242812301
-4.6319662265
-4.6910794513
-4.6915218752
-4.7078001118
-4.7497498211
-4.7702112774
-4.7854367499
-4.8029493827
-4.8671359033
-4.8776419550
-4.8887060731
-4.9022085376
-4.9146823843
-4.9157707903
-4.9662739326
-4.9830758138
-4.9943442404
-4.9996401395
-5.0014393501
-5.0526475223
-5.0885056210
-5.1171575934
-5.1194719471
-5.1448440306
-5.1475829905
-5.2047203640
-5.2419217390
-5.2740874957
-5.3121038694
-5.3360888161
-5.3870287875
-5.4132350033
-5.4318111013
-5.4458537934
-5.4650558688
-5.4927863810
-5.5792902197
-5.5969500071
-5.5995273566
-5.6658988179
-5.7190572208
-5.7301147431
-5.7555483398
-5.8267037817
-5.9034385165
-6.0508314693
-6.0561511970
-6.0777115945
-6.1076707420
-6.1526552187
-6.2190629600
-6.3933888257
-6.4837978657
-6.6708231738
-7.1642255372
-7.4260823203
-7.4459708043
-7.4981189114
-7.5798139753
-7.6354025482
-7.6862528188
-7.6948043791
-7.7067264104
-7.7634012211
-7.8509258512
-7.8984330301
-7.9358147058
-7.9358566029
-8.0143459192
-8.0205839302
-8.1689019081
-8.1820366602
-8.2128277463
-8.3020073739
-8.3168914939
-8.3327375327
-8.3942585954
-8.4904238712
-8.5558241383
-8.5719931881
-8.6792287648
-8.7562389480
-8.8072974722
-8.8343275876
-8.9987063466
-9.0913516215
-9.0957997589
-9.2955474747
-9.3291916248
-9.5817576311
-10.1012157157
-11.1666015365
-11.1846711649
-11.3409119145
-11.3980543530
-11.4266666038
-11.7612654865
-11.9006343154
-12.1781109286
-12.7562874825
-15.0228920477
