Got input.Nx = 3
Got input.Ny = 3
Got input.hx = -2.5
args = 
Args: (only showing overrides of global args)
Nx=3
Ny=3
hx=-2.5

Using approx/svd conversion of AutoMPO->MPO

 checking point after Hqa
Eigenvalues: 

11.4257759441
9.3892414470
9.3768426101
9.1847846796
9.1271134419
9.0973289152
8.7739653708
8.6261155120
8.4135165237
8.0378637577
7.2687981545
7.2191936590
7.1536810201
7.0865430275
7.0097437575
6.9614565620
6.9555514294
6.9059054300
6.8783186483
6.8034740683
6.7513035729
6.7491765719
6.7101720482
6.6496053594
6.6182882113
6.4574980060
6.4507090039
6.4485636040
6.3613833699
6.3512468546
6.3188750242
6.2505947926
6.1983856159
6.0928203841
6.0882160191
6.0058940617
5.9828703867
5.9774074658
5.9313596397
5.8329533236
5.6457873111
5.6445698473
5.4837460190
5.4632255185
5.2413306841
5.0409510304
4.9404237722
4.8568705380
4.8558644867
4.8091164493
4.7995119085
4.7760726310
4.7510033335
4.6736662000
4.6707230902
4.6194143956
4.6156566615
4.5637628477
4.5411109277
4.5230336481
4.5095425370
4.4882061021
4.4545024380
4.4523597282
4.4254737728
4.4039346914
4.3908466082
4.3863562125
4.2751833476
4.2734154382
4.2705136410
4.2394187080
4.1869095294
4.1693436419
4.1631758627
4.1592879381
4.1024081254
4.0982136415
4.0880239819
4.0425981955
4.0063751708
3.9976945090
3.9639334052
3.9281426099
3.9241545770
3.9203630854
3.8967275585
3.8898856611
3.8642051294
3.8377802285
3.8162116912
3.7968188101
3.7710588514
3.7672502555
3.7523072437
3.7383918764
3.7112782462
3.6799637320
3.6641964300
3.6381696403
3.6194039838
3.5826800245
3.5274386184
3.5179847844
3.5144776741
3.4561544337
3.4444517335
3.4363961625
3.4136263833
3.3822645179
3.3459016144
3.2805220932
3.2124129710
3.1927803639
3.1728788937
3.1574181589
3.1271876734
3.0973397515
3.0280107957
3.0144558328
2.9056648199
2.8491854677
2.8097472278
2.7421382696
2.6965261707
2.6762974020
2.6470700135
2.5189862450
2.5172294973
2.4730127793
2.4368092278
2.4258971514
2.3947787825
2.3693659806
2.3251643927
2.2861565167
2.2821174954
2.2819992902
2.2798541977
2.2490580549
2.2274985869
2.2066755827
2.1808618973
2.1553769528
2.1540441202
2.1522682505
2.0872947753
2.0868297697
2.0829496701
2.0788699202
2.0464846266
2.0053026990
1.9831541272
1.9481767795
1.9352579382
1.9053867225
1.8839411657
1.8681758160
1.8614702805
1.8572508871
1.8444809038
1.8313162662
1.7898066531
1.7803354983
1.7403466449
1.7399379552
1.7161816977
1.7111696956
1.7068575458
1.6917287753
1.6902780119
1.6660487316
1.6252836066
1.5964101610
1.5941390803
1.5738523360
1.5585190466
1.5570382107
1.5385141463
1.5126716732
1.5082412501
1.5004932428
1.4748785790
1.4694219045
1.4444075354
1.4347286666
1.4148325000
1.4136483729
1.4051934076
1.4049042399
1.3940653538
1.3907710330
1.3556378060
1.3472610296
1.3388930247
1.3245716604
1.3002318296
1.2993630744
1.2845739808
1.2513442429
1.2448282704
1.2368022435
1.2160812157
1.1936565481
1.1839278771
1.1742453024
1.1549668877
1.1520171477
1.1322357882
1.0984428233
1.0785855963
1.0521883632
1.0314545427
1.0240711373
1.0007017426
0.9932886059
0.9430937447
0.9420851265
0.9381757982
0.9347789605
0.9109857538
0.8695642710
0.8099792418
0.8069980772
0.8010184439
0.7926472826
0.7427596071
0.7158070741
0.6985682406
0.6106814106
0.6100114998
0.6089065829
0.5782967708
0.5509501326
0.5305847715
0.5280948623
0.5133144486
0.4927910623
0.4178209994
0.4099778494
0.3813476476
0.3638341145
0.3123756370
0.2616765544
0.2604007784
0.1329489822
0.1286764898
0.1091338081
0.0778604934
0.0451315166
-0.0050236644
-0.0363283339
-0.0639301075
-0.0776465730
-0.0813289911
-0.1280423241
-0.1308891199
-0.1474904814
-0.1723670945
-0.2184193838
-0.2481153895
-0.2500648945
-0.2668989057
-0.3022552896
-0.3276189175
-0.3318182348
-0.3437138017
-0.3502451581
-0.3546162308
-0.3821125982
-0.3985086006
-0.4002962201
-0.4636202893
-0.4654198275
-0.4798506712
-0.5096704792
-0.5245228566
-0.5364025001
-0.5542165041
-0.5839202265
-0.6012847826
-0.6323051380
-0.6422812325
-0.6447301301
-0.6694775104
-0.6746095149
-0.7045094905
-0.7513144769
-0.7743641998
-0.7772382928
-0.7808478085
-0.7972589296
-0.8102950280
-0.8258417384
-0.8420723975
-0.8598407505
-0.8817201041
-0.9087236868
-0.9305749703
-0.9349111640
-0.9364649058
-0.9478776351
-0.9856745484
-0.9996386519
-1.0030057002
-1.0229653635
-1.0263809059
-1.0344977621
-1.0528394337
-1.0751637850
-1.0818869803
-1.0925031836
-1.1006503090
-1.1015047162
-1.1343132328
-1.1388931678
-1.1455197547
-1.1519058991
-1.1704625910
-1.1898141187
-1.2109821583
-1.2257748746
-1.2405519674
-1.2489029954
-1.2497452598
-1.2721618267
-1.2820186756
-1.2973853191
-1.3239826851
-1.3379821706
-1.3604778011
-1.3764692552
-1.3804257382
-1.4028951567
-1.4042321056
-1.4526629741
-1.4787546652
-1.4892474261
-1.5109856748
-1.5181914286
-1.5228183447
-1.5340760613
-1.5684099902
-1.6018891402
-1.6171383655
-1.6262620882
-1.6674020919
-1.6943853969
-1.7316387134
-1.7352177550
-1.7377628856
-1.7456241009
-1.8232011759
-1.8247930017
-1.8577191881
-1.9267856078
-1.9392350335
-1.9814879453
-1.9981715161
-2.0164885093
-2.0415667974
-2.0506936051
-2.0847074691
-2.0912150959
-2.1131439111
-2.1542105279
-2.1883260957
-2.2315852040
-2.2551567488
-2.3358974738
-2.3401262103
-2.4058432339
-2.4191172249
-2.4365991429
-2.5144927266
-2.6012439301
-2.6162082754
-2.6220209568
-2.6530400045
-2.6683579837
-2.7424548387
-2.7656355685
-2.7849285631
-2.8134247270
-2.8495311566
-2.8577765091
-2.9475129768
-2.9485112368
-2.9523817832
-2.9538271504
-2.9882022711
-3.0396711810
-3.0608501584
-3.0918091704
-3.0992062782
-3.1278820811
-3.1385094588
-3.1414879808
-3.1450128044
-3.1609379012
-3.1689896132
-3.2529009185
-3.2590980293
-3.3038113345
-3.3119915728
-3.3421993406
-3.3489009589
-3.3534854136
-3.4224347116
-3.4409738516
-3.4465340161
-3.5038477864
-3.5062260219
-3.5203242694
-3.5626252195
-3.5634993519
-3.5826044981
-3.5902504230
-3.6173793504
-3.6815143429
-3.6918670421
-3.7063719344
-3.7116439328
-3.7244139182
-3.7325012157
-3.7718050491
-3.7890893145
-3.8121761336
-3.8147950876
-3.8197355016
-3.8700501367
-3.9046568853
-3.9311659887
-3.9384770410
-3.9603341775
-3.9683961661
-4.0176683910
-4.0570468337
-4.0868995634
-4.1298033734
-4.1528033845
-4.2205809858
-4.2365095537
-4.2555101816
-4.2694597644
-4.2785135791
-4.3181324490
-4.3977680008
-4.4019872618
-4.4171417579
-4.4712837108
-4.5477051456
-4.5512741543
-4.5845068277
-4.6459173510
-4.7286962501
-4.8779276389
-4.8814384428
-4.8922458876
-4.9085864563
-4.9738084193
-5.0324688318
-5.2162400671
-5.3065127177
-5.4610793397
-5.4754777679
-5.4923794506
-5.5274347097
-5.6083710947
-5.6625451883
-5.7137174713
-5.7240826218
-5.7290237762
-5.7916762575
-5.8772898160
-5.9210885829
-5.9683836391
-5.9688467100
-5.9794570324
-6.0395086843
-6.0494281466
-6.1887826119
-6.2046856853
-6.2379172750
-6.3212447589
-6.3437171098
-6.3609843642
-6.4176158971
-6.5186635835
-6.5733309484
-6.5945091913
-6.7043016040
-6.7918446369
-6.8589695861
-6.8722401789
-7.0498401869
-7.1225091964
-7.1307915088
-7.3296566876
-7.3773241086
-7.6245151528
-8.1536888809
-8.4097573938
-8.4352284707
-8.5860026325
-8.6361545950
-8.6763120460
-9.0040020984
-9.1343473430
-9.4199070952
-10.0386608398
-11.4905043134
