Got input.Nx = 3
Got input.Ny = 3
Got input.hx = -1.6
args = 
Args: (only showing overrides of global args)
Nx=3
Ny=3
hx=-1.6

Using approx/svd conversion of AutoMPO->MPO

 checking point after Hqa
Eigenvalues: 

7.4589078165
6.3041326842
6.2890354029
6.0854977213
6.0363798987
5.9925177600
5.6888010077
5.5452776281
5.3532114029
5.0668192683
5.0205584529
5.0084337194
4.9352512887
4.8779454208
4.7967012900
4.7484836635
4.7408191011
4.6818889773
4.6592504112
4.5919943868
4.5496720971
4.5462185809
4.4858479166
4.4448753970
4.4018539005
4.2504590180
4.2476143623
4.2344365502
4.1627551846
4.1555278506
4.1127427678
4.0412668719
4.0041307660
3.9153641664
3.8957422144
3.8214816069
3.7998702755
3.7742683834
3.7538267108
3.7179501715
3.6767607563
3.6092334141
3.5242267586
3.4810759766
3.4758274806
3.4749087141
3.4568805363
3.4401832482
3.4202346158
3.3456209935
3.3389504303
3.3308209244
3.3032201030
3.2887092983
3.2808189258
3.2420320805
3.2058034304
3.2017907964
3.1810303485
3.1557873860
3.1304433509
3.1210383148
3.1048083053
3.0912126564
3.0755239180
3.0719006942
3.0555310679
2.9486767359
2.9477330645
2.9348975051
2.9043421434
2.8695888445
2.8422174031
2.8355498545
2.8287655370
2.7874317526
2.7778287169
2.7629699161
2.7571925254
2.7204060694
2.6816658120
2.6802452826
2.6373342056
2.6145401835
2.6064488372
2.5944686281
2.5883544340
2.5670663053
2.5484174801
2.5263639151
2.4836697186
2.4816343923
2.4529929029
2.4528075357
2.4174463284
2.4151537279
2.4125339029
2.3499061696
2.3471049162
2.3227211658
2.3081623383
2.2797781561
2.2295347375
2.2249736972
2.2071516349
2.1989017145
2.1437118571
2.1320284508
2.1297919148
2.1132469693
2.0824331468
2.0731828409
2.0406582999
1.9874660422
1.9843224732
1.9831736700
1.9477820541
1.9123114298
1.9068516203
1.9007345870
1.8784432001
1.8655433457
1.8652258911
1.8337845578
1.8274850324
1.8268016458
1.8259909129
1.8024615763
1.7950086087
1.7887858379
1.7611717396
1.7427609216
1.7418920936
1.7333004379
1.7152145210
1.7004334158
1.6991820522
1.6476574464
1.6472593629
1.6446515949
1.6334732371
1.6212440214
1.5944732711
1.5830566633
1.5583032475
1.5419706790
1.5400703895
1.5021377524
1.4942704625
1.4681571414
1.4646782581
1.4323032882
1.4219694876
1.4171801422
1.4145975328
1.3985840306
1.3810389093
1.3762421252
1.3524825147
1.3364739191
1.3061262855
1.2961922348
1.2701034496
1.2623442569
1.2575951273
1.2568591231
1.2502595590
1.2428465662
1.2312114922
1.2215874154
1.1933603981
1.1601044345
1.1504761792
1.1321745265
1.1273781219
1.1164625099
1.1034057852
1.0818113221
1.0794002267
1.0559654460
1.0480926172
1.0418170780
1.0266704894
1.0019580776
0.9937263758
0.9783694756
0.9751968608
0.9661150236
0.9631536442
0.9498609443
0.9430161837
0.9063287238
0.9026614786
0.8998689969
0.8993847664
0.8592954567
0.8552786988
0.8541050098
0.7996695847
0.7965302954
0.7815732612
0.7796782740
0.7578132395
0.7556097482
0.7381558634
0.7181362594
0.7167975136
0.6976062596
0.6745294657
0.6647266569
0.6378350278
0.6311903470
0.5920692765
0.5845664278
0.5645612824
0.5593674842
0.5542929274
0.5086988418
0.5070622901
0.5060133272
0.4977325333
0.4804139746
0.4528067547
0.3851052817
0.3847573841
0.3763405027
0.3634124139
0.3621428514
0.3520232783
0.3062678467
0.3040288042
0.3038245838
0.3002996050
0.2883084874
0.2662079317
0.2547382211
0.2181963610
0.2112984216
0.1981214570
0.1883058127
0.1842888601
0.1791025099
0.1672381971
0.1250187411
0.1235258678
0.1212622817
0.1201372812
0.1134227875
0.1106630180
0.1023651741
0.0772157816
0.0724458511
0.0613595747
0.0444019131
0.0419466523
0.0322527688
-0.0156818412
-0.0200524786
-0.0301564226
-0.0328791269
-0.0349667898
-0.0491724586
-0.0609527996
-0.0651214864
-0.0873672569
-0.0886301762
-0.1241086371
-0.1290445394
-0.1516016656
-0.1590406915
-0.1630279205
-0.1953289643
-0.1999408735
-0.2057501099
-0.2337653553
-0.2386126737
-0.2592094073
-0.2808820464
-0.2904121971
-0.3165523234
-0.3333379813
-0.3356764655
-0.3373262041
-0.3469067532
-0.3526738173
-0.3767753544
-0.3772541834
-0.3796470705
-0.3910744379
-0.4075925666
-0.4255095662
-0.4493681305
-0.4587687895
-0.4612082860
-0.4682861375
-0.4799256095
-0.4851166487
-0.4946614091
-0.5443905776
-0.5533798500
-0.5703718117
-0.5849822136
-0.5917930159
-0.5945540349
-0.6185479498
-0.6264295649
-0.6431746710
-0.6436576315
-0.6475746117
-0.6547601814
-0.6739246922
-0.6903802195
-0.7011436856
-0.7019252458
-0.7090502365
-0.7147551208
-0.7312486515
-0.7575824026
-0.7627242831
-0.7821057595
-0.8093319262
-0.8119071596
-0.8154316110
-0.8309640641
-0.8414768897
-0.8504060742
-0.8865533643
-0.8872616009
-0.9116988362
-0.9158550229
-0.9278794570
-0.9499263815
-0.9617798963
-0.9704022062
-1.0156638945
-1.0348235964
-1.0429080800
-1.0569526890
-1.0736185174
-1.0769714437
-1.1024142907
-1.1337610907
-1.1641286223
-1.1675937117
-1.1761918261
-1.2332288414
-1.2501632063
-1.2616254712
-1.2843116276
-1.2897791922
-1.2986201899
-1.3120257735
-1.3143159899
-1.3674755379
-1.3854277699
-1.3901142221
-1.4119513775
-1.4358197393
-1.4546597086
-1.4687781705
-1.4698103838
-1.4840493749
-1.5144547704
-1.5469929136
-1.5516118783
-1.5589573977
-1.5690429092
-1.5848337285
-1.5972847792
-1.6340963249
-1.6392880122
-1.6504175603
-1.6532095252
-1.6570059340
-1.6715661445
-1.6821011792
-1.7112454279
-1.7235229820
-1.7536984838
-1.7549354094
-1.7800226974
-1.7886815830
-1.7890033427
-1.7928780365
-1.8154132372
-1.8324533125
-1.8341475414
-1.8574921083
-1.8578055478
-1.8645354583
-1.8784531482
-1.9263564724
-1.9534990474
-1.9613805154
-1.9621787436
-1.9675882220
-1.9928954976
-1.9937350702
-2.0228377739
-2.0267486543
-2.0506282764
-2.0659478696
-2.1111686035
-2.1338480513
-2.1400525002
-2.1442168110
-2.1492469955
-2.1842440601
-2.1890050762
-2.1909244747
-2.1996665396
-2.2432346426
-2.2510882928
-2.2671352156
-2.3025304999
-2.3667173783
-2.3752824849
-2.3854811054
-2.3861082309
-2.3918868824
-2.4007120190
-2.4233732671
-2.4446505742
-2.4515044778
-2.4540815436
-2.5028745616
-2.5033418281
-2.5138567846
-2.5626030764
-2.5900094519
-2.6114775510
-2.6316543449
-2.6353829759
-2.6447658747
-2.6745964417
-2.6983182737
-2.7409972916
-2.7729495310
-2.8166862263
-2.8491794220
-2.9407484874
-2.9472095895
-2.9539058270
-2.9601244886
-2.9754963936
-3.0220059594
-3.0256434752
-3.0673557263
-3.0864877423
-3.1137172821
-3.1282956026
-3.2399626083
-3.2766651890
-3.3025239595
-3.3034002015
-3.3044422591
-3.3378555133
-3.3621389228
-3.4280905244
-3.4298661332
-3.4960332135
-3.5402421945
-3.5439189784
-3.5487067426
-3.5582046372
-3.5613069938
-3.5724663123
-3.5926279717
-3.6223102152
-3.6645074862
-3.6902022254
-3.7048603796
-3.7450046739
-3.8028936432
-3.8062782648
-3.8597573148
-3.8759256672
-3.9109133922
-3.9847637051
-3.9904429251
-4.0156441095
-4.0519610984
-4.1283292991
-4.1582258486
-4.1658069798
-4.1816669080
-4.2295849775
-4.3366544910
-4.3657116289
-4.4017296641
-4.5183630678
-4.6134501275
-4.6241625645
-4.7034681573
-4.7315339490
-4.9213047981
-4.9435753697
-4.9688831310
-5.1579623903
-5.2449477459
-5.3811008020
-5.4206173888
-5.4741727999
-5.5667450635
-5.5911067185
-5.6691267782
-5.9764851868
-5.9912589759
-6.0665472533
-6.3688171367
-7.0945749443
-7.6361432706
