Got input.Nx = 3
Got input.Ny = 3
Got input.hx = -1.2
args = 
Args: (only showing overrides of global args)
Nx=3
Ny=3
hx=-1.2

Using approx/svd conversion of AutoMPO->MPO

 checking point after Hqa
Eigenvalues: 

5.7288828168
4.9575766293
4.9422322929
4.7270584050
4.6858328666
4.6304877789
4.3481609465
4.2087441160
4.1073551555
4.0404960274
4.0356644770
3.9586831843
3.9125945256
3.8285553133
3.7806153059
3.7705706358
3.7394288141
3.7036108009
3.6840218337
3.6247552405
3.5909687154
3.5866540953
3.5077693395
3.4842544132
3.4321092985
3.2933360919
3.2910466927
3.2655678762
3.2077085455
3.2039780176
3.1568457728
3.1380367958
3.0796857517
3.0544296126
3.0231356777
2.9908908591
2.9515360736
2.9386387153
2.8973945381
2.8736295999
2.8601878911
2.8585516672
2.8546762020
2.8351054311
2.8184833577
2.8178312265
2.7615014529
2.7603353125
2.7502033069
2.7021070679
2.6968439514
2.6634751807
2.6248184627
2.6172830856
2.5980206360
2.5696221564
2.5548052856
2.5531488208
2.5527470608
2.5372999667
2.5045826832
2.5036713168
2.4945457888
2.4636843800
2.4251640022
2.3921323671
2.3700176925
2.3678432610
2.3479168088
2.3168943155
2.3009952390
2.2691475866
2.2619822621
2.2452292064
2.2207786906
2.2125123012
2.2070827869
2.1759310335
2.1452647042
2.1106292859
2.1060518141
2.0609908775
2.0483263160
2.0349665022
2.0261962439
2.0193350811
2.0163657719
1.9881487755
1.9854741233
1.9597320298
1.9242002155
1.9170570865
1.8951795748
1.8876441296
1.8833657929
1.8756617988
1.8701983230
1.8344744237
1.8339630960
1.7859903966
1.7788374053
1.7741215920
1.7728089129
1.7671785346
1.7487595661
1.7273010057
1.7261532770
1.7000695618
1.6720423053
1.6509468414
1.6411190727
1.6343222039
1.6230230240
1.6199479804
1.6194542516
1.5997080627
1.5934450816
1.5924127782
1.5710644513
1.5642497398
1.5616421470
1.5495861315
1.5478585499
1.5289441318
1.5234748612
1.4970952885
1.4938059112
1.4877194828
1.4558001972
1.4551607356
1.4438342669
1.4340357002
1.4095135685
1.3839184195
1.3582784775
1.3579853011
1.3519870471
1.3514559817
1.3448600069
1.3152257175
1.3049853006
1.3017284527
1.2791327253
1.2689525504
1.2458430049
1.2314506562
1.2293604860
1.2195653228
1.2157307986
1.2014275607
1.1898280864
1.1817267711
1.1607346572
1.1396427503
1.1326948592
1.1247266061
1.1032421737
1.0725229250
1.0708106782
1.0651276418
1.0625897445
1.0488845522
1.0430861617
1.0283737370
1.0220568308
1.0084602281
0.9732459990
0.9553097362
0.9472435465
0.9430437919
0.9419752116
0.9262439215
0.9183386236
0.9039362665
0.8972209119
0.8956249914
0.8638997677
0.8601770735
0.8598706250
0.8305315448
0.8229648765
0.8086785787
0.7873470840
0.7873142030
0.7738561630
0.7624641079
0.7601097492
0.7590407937
0.7531328302
0.7438818757
0.7311831625
0.7125143325
0.7040215716
0.7030792891
0.7002912749
0.6715982091
0.6670859695
0.6581049861
0.6053144254
0.6050705951
0.5974683565
0.5935085966
0.5782656384
0.5723102090
0.5722483581
0.5495277401
0.5432907855
0.5357936680
0.5287858936
0.5152072116
0.5017530405
0.4988821558
0.4840343172
0.4769542761
0.4713089710
0.4601345761
0.4497677307
0.4434745898
0.4054943914
0.3953316481
0.3923438341
0.3919931066
0.3743594905
0.3707189994
0.3549923642
0.3292036988
0.3256307939
0.3213643097
0.3208295774
0.3128891777
0.3023654155
0.2946362159
0.2875235521
0.2789985460
0.2672156862
0.2416168655
0.2361253771
0.2119226557
0.2113865998
0.2105954715
0.2018692977
0.1859714443
0.1807400539
0.1779943772
0.1463815363
0.1436023808
0.1411627747
0.1281184414
0.1058979933
0.0964292714
0.0771753638
0.0724583849
0.0585048999
0.0506301934
0.0422502787
0.0274813350
0.0250968380
0.0093073990
0.0065565492
-0.0065347736
-0.0115208142
-0.0203337179
-0.0337312319
-0.0424900326
-0.0493640051
-0.0545753778
-0.0597964817
-0.0669967834
-0.0833524595
-0.1136118234
-0.1398330607
-0.1404994977
-0.1428296972
-0.1603899863
-0.1700113996
-0.1774690159
-0.1837009536
-0.1922535599
-0.1941905172
-0.2035514804
-0.2059979433
-0.2103193046
-0.2246385254
-0.2370322262
-0.2581423056
-0.2611547071
-0.2679027302
-0.2819927177
-0.2831616997
-0.2980151186
-0.3179051218
-0.3578152283
-0.3585149153
-0.3842334753
-0.3897561483
-0.3945796508
-0.3980278287
-0.4094231786
-0.4238642532
-0.4262099591
-0.4395687340
-0.4460692784
-0.4584640750
-0.4626067474
-0.4823953741
-0.4890960153
-0.4944916752
-0.4962983711
-0.5124187692
-0.5203882555
-0.5272339855
-0.5296901930
-0.5447978269
-0.5565365441
-0.5757828314
-0.5816450929
-0.5852058469
-0.5916852418
-0.6189461318
-0.6264022835
-0.6356638697
-0.6386944779
-0.6426102564
-0.6629139428
-0.6827255407
-0.7206606924
-0.7258349772
-0.7452411730
-0.7525698899
-0.7555160574
-0.7691656825
-0.7724467433
-0.7809668335
-0.7879193394
-0.8271787259
-0.8293826806
-0.8343995507
-0.8473967776
-0.8539717094
-0.8719490673
-0.8811015501
-0.8888883446
-0.9173931003
-0.9179329257
-0.9247051890
-0.9445301142
-0.9523417792
-0.9586578206
-0.9692483095
-0.9750510237
-0.9796536244
-1.0089614920
-1.0368694343
-1.0604446232
-1.0755795191
-1.0793246252
-1.0843216645
-1.1125406330
-1.1239555068
-1.1246621890
-1.1289351805
-1.1310196817
-1.1640419036
-1.1828034508
-1.1944619512
-1.2000752458
-1.2134412303
-1.2210078784
-1.2310095275
-1.2378880806
-1.2516689178
-1.2782227889
-1.2798329650
-1.2983906043
-1.3122280907
-1.3123250009
-1.3370950951
-1.3513608839
-1.3592690568
-1.3611513920
-1.3659563115
-1.3873212656
-1.4030532658
-1.4260489435
-1.4310724334
-1.4391765559
-1.4466867574
-1.4492525861
-1.4567223034
-1.4614055894
-1.4643433928
-1.5084164333
-1.5098655400
-1.5639928914
-1.5681891451
-1.5724326084
-1.5779339926
-1.5942977379
-1.6069754412
-1.6111342035
-1.6132875993
-1.6163766775
-1.6272201408
-1.6422487905
-1.6616990167
-1.6762422861
-1.6991423874
-1.7096104991
-1.7362869541
-1.7378449476
-1.7445689977
-1.7989106177
-1.8017411878
-1.8099969696
-1.8125106562
-1.8474354924
-1.8495916420
-1.8634544301
-1.8662125974
-1.8961572630
-1.8964340237
-1.8972268445
-1.9401270176
-1.9405143845
-1.9482643945
-1.9543856313
-2.0044869333
-2.0261983532
-2.0373721601
-2.0707955338
-2.0804800727
-2.1255613651
-2.1332745255
-2.1335046960
-2.1626764939
-2.1715417943
-2.2227895492
-2.2448856562
-2.2800898807
-2.2997766761
-2.3821813523
-2.3866358701
-2.3883803206
-2.3900363615
-2.4088511904
-2.4173621572
-2.4261818311
-2.4362677127
-2.4494309974
-2.4951333251
-2.5003429368
-2.5247496794
-2.5438724259
-2.5575832322
-2.6308285185
-2.6310290418
-2.6344133115
-2.6480657479
-2.6808687873
-2.7279165769
-2.7290122962
-2.7444176379
-2.7555260081
-2.7678571286
-2.7730550844
-2.8478859753
-2.8547719264
-2.8913744141
-2.9011203419
-2.9398288264
-2.9451827800
-2.9595626310
-2.9663293765
-3.0057500641
-3.0268439560
-3.0474984185
-3.0887873045
-3.0889519944
-3.1218148891
-3.1220150603
-3.2043137018
-3.2206483549
-3.2564154257
-3.3177232666
-3.3383662368
-3.3658749158
-3.4037497024
-3.4102460948
-3.4652072113
-3.5398947288
-3.5863782230
-3.6974598776
-3.7666760005
-3.8436678677
-3.8727978531
-4.0076357622
-4.0322375199
-4.0608796076
-4.1666896233
-4.1717139336
-4.2297035685
-4.3109402860
-4.3413585725
-4.3576605603
-4.4499812063
-4.5680049490
-4.7361833297
-4.7489818599
-5.0039614582
-5.0644767423
-5.8976061053
-6.0873489467
