Got input.Nx = 3
Got input.Ny = 3
Got input.hx = -2.1
args = 
Args: (only showing overrides of global args)
Nx=3
Ny=3
hx=-2.1

Using approx/svd conversion of AutoMPO->MPO

 checking point after Hqa
Eigenvalues: 

9.6549357018
8.0121341494
7.9985205622
7.8027397041
7.7479675110
7.7132147332
7.3960936391
7.2496347743
7.0440246648
6.6836209371
6.2856175960
6.2330701251
6.1651506386
6.1010718173
6.0225934509
5.9743252380
5.9679328457
5.9150551912
5.8893432626
5.8169406186
5.7681451305
5.7655457106
5.7191540007
5.6653007985
5.6298505770
5.4719698206
5.4651766440
5.4622236752
5.3790931717
5.3698268244
5.3332655722
5.2644568503
5.2174535781
5.1157556083
5.1072769103
5.0299236719
5.0060437342
4.9932538054
4.9565135125
4.8652147460
4.6725380185
4.6714303264
4.5163187647
4.4931377726
4.4506629651
4.3472471249
4.2789232883
4.2624286418
4.2170842725
4.2024615318
4.1807024958
4.1578865497
4.0816032226
4.0776730191
4.0264812593
4.0207191936
3.9737833335
3.9463975550
3.9332231172
3.9172146531
3.9090571512
3.8944913828
3.8634822900
3.8588384264
3.8311349226
3.8086240273
3.8029541402
3.7947735961
3.6831837098
3.6819821809
3.6754813718
3.6446901048
3.5978058854
3.5736661097
3.5730232467
3.5661206503
3.5148311725
3.5080331740
3.4945945644
3.4521702143
3.4148004375
3.4086720575
3.3715206876
3.3404511694
3.3351926100
3.3283794369
3.3108358503
3.2995802926
3.2748603256
3.2511494733
3.2231173249
3.2080579829
3.1816091268
3.1786995197
3.1573841521
3.1472039920
3.1288064424
3.0870638159
3.0754622921
3.0449497935
3.0368070145
2.9982270571
2.9459610274
2.9314995474
2.9256319929
2.8641863355
2.8609151057
2.8523654654
2.8304325027
2.7994365621
2.7603866308
2.6994199934
2.6265438192
2.6128649340
2.5860956745
2.5805736387
2.5437166513
2.5127799347
2.4766027767
2.4463042907
2.4405300210
2.3354270806
2.3196186674
2.2765127798
2.2364961431
2.2361210443
2.2291445327
2.1959640292
2.1676620065
2.1669891927
2.1223247169
2.1175768950
2.0832513424
2.0801956650
2.0793481065
2.0723266607
2.0508300357
2.0319086857
2.0086473041
1.9847788055
1.9580416779
1.9539543837
1.9511211207
1.9472962203
1.9077664700
1.8910091802
1.8905702907
1.8808207475
1.8791739262
1.8469430532
1.8066391897
1.7856228519
1.7496569727
1.7384002539
1.7220310564
1.7089447590
1.6836030134
1.6679610901
1.6649978472
1.6460800012
1.6311760945
1.5944640250
1.5826024340
1.5451307812
1.5419137013
1.5178004055
1.5116681256
1.5065573099
1.4954807351
1.4914429054
1.4684813178
1.4315508552
1.3995802360
1.3976567395
1.3762471168
1.3652333310
1.3601643331
1.3432795434
1.3180210787
1.3158757267
1.3073071103
1.3025558631
1.2797550860
1.2727972515
1.2445028516
1.2369470409
1.2191620417
1.2179317003
1.2106069964
1.2090044529
1.1958489251
1.1909530242
1.1546867001
1.1481139584
1.1431321067
1.1354190818
1.1034718942
1.1018496831
1.0912375431
1.0494242793
1.0463706875
1.0349633093
1.0203671315
0.9972107022
0.9916063577
0.9796948890
0.9590248662
0.9570926994
0.9370084204
0.9072535053
0.8814157577
0.8618131073
0.8346964563
0.8278383012
0.8036398277
0.7989565327
0.7477167572
0.7452872614
0.7432665098
0.7418690875
0.7178390453
0.6809577051
0.6178389687
0.6093858699
0.6084244452
0.5986780897
0.5467210062
0.5281087880
0.4997557565
0.4265034800
0.4222234527
0.4173703565
0.3907944915
0.3588377056
0.3437614365
0.3355492141
0.3293859135
0.3244444640
0.3039433660
0.2204699726
0.2177319673
0.1927601456
0.1758787268
0.1549162018
0.1356795868
0.1140006700
0.0794098357
0.0701611990
0.0649849930
0.0645978118
0.0481216188
0.0246922835
-0.0219076163
-0.0521770891
-0.0523780847
-0.0564887543
-0.0759748618
-0.1104334378
-0.1127372947
-0.1269228244
-0.1345327671
-0.1474498229
-0.1611213136
-0.1617244581
-0.1813142281
-0.1902117058
-0.2015328434
-0.2046844288
-0.2486305466
-0.2604850193
-0.2697851621
-0.2717367474
-0.2897786732
-0.3187247073
-0.3286148654
-0.3601977810
-0.3893558266
-0.4051499517
-0.4362311888
-0.4454848511
-0.4459274303
-0.4479944656
-0.4736279551
-0.4782052767
-0.5126364723
-0.5165133487
-0.5558214615
-0.5791441757
-0.5817435718
-0.5822820887
-0.5988097459
-0.6151795966
-0.6309211918
-0.6470179035
-0.6652719161
-0.6875128195
-0.7069267396
-0.7086640799
-0.7301604041
-0.7352392598
-0.7399738100
-0.7879640065
-0.8026288439
-0.8067109376
-0.8292088105
-0.8305528382
-0.8372515070
-0.8573672712
-0.8760689250
-0.8851067303
-0.8927352465
-0.9016120542
-0.9090428566
-0.9364935059
-0.9429778432
-0.9502148761
-0.9558261059
-0.9737248894
-0.9982607053
-1.0098312726
-1.0287360285
-1.0461985576
-1.0523090936
-1.0553558185
-1.0747047475
-1.0870861578
-1.0968674860
-1.1089337329
-1.1369719980
-1.1380566738
-1.1624295516
-1.1771041572
-1.1866487941
-1.2058081258
-1.2101396627
-1.2567942688
-1.2818512702
-1.2904707376
-1.3097050951
-1.3215391604
-1.3233445411
-1.3405273977
-1.3727728678
-1.4060732835
-1.4183359842
-1.4271952105
-1.4743548410
-1.4957331267
-1.5356431126
-1.5368246865
-1.5389677638
-1.5503550857
-1.6274441981
-1.6320349389
-1.6596490001
-1.7230925513
-1.7379308045
-1.7894922599
-1.8021672213
-1.8186085921
-1.8414989744
-1.8494832563
-1.8867780555
-1.8955387613
-1.9186085662
-1.9574344528
-1.9934543484
-2.0201971369
-2.0364832214
-2.0505687349
-2.0837146524
-2.1292554815
-2.1410158438
-2.1559560189
-2.1768037527
-2.1948279340
-2.1957529446
-2.2173572777
-2.2295881934
-2.2317277917
-2.2634841389
-2.3167283338
-2.3620295230
-2.3654439706
-2.3709104330
-2.4022185649
-2.4111778164
-2.4174145581
-2.4503899998
-2.4511031348
-2.4747745861
-2.5036291143
-2.5122232616
-2.5453463620
-2.5515039653
-2.5520736219
-2.5755187409
-2.5830405525
-2.6532558998
-2.6713859821
-2.6747548730
-2.7155924840
-2.7216735213
-2.7377225554
-2.7532600741
-2.7580697540
-2.7652368198
-2.8343290921
-2.8557058779
-2.8585032423
-2.9139874198
-2.9184090237
-2.9280397780
-2.9296317040
-2.9728137916
-2.9932645410
-2.9939333533
-3.0289849433
-3.0931456296
-3.1031560123
-3.1195094002
-3.1207921878
-3.1310560813
-3.1460280380
-3.1774565915
-3.1932482515
-3.2261943308
-3.2273130671
-3.2346570020
-3.2841004265
-3.3166818530
-3.3417458119
-3.3428013921
-3.3540084468
-3.3723670203
-3.3865773250
-3.4277268407
-3.4687004459
-3.4978342091
-3.5430858269
-3.5672254004
-3.6469705671
-3.6548938002
-3.6732780042
-3.6883011885
-3.6890092160
-3.7375420609
-3.8062403261
-3.8112139896
-3.8322806462
-3.8741730340
-3.9617739747
-3.9767907239
-4.0076061301
-4.0605525641
-4.1471528639
-4.2939491095
-4.3010904912
-4.3039615411
-4.3069118022
-4.3890184309
-4.4413190560
-4.4905998221
-4.5001318154
-4.5526644370
-4.6318215403
-4.6327990825
-4.6866340378
-4.7204617687
-4.7373702502
-4.7486106659
-4.7496022661
-4.8163024592
-4.8984310324
-4.9051015074
-4.9421240218
-4.9955498367
-4.9966798008
-5.0612399846
-5.0736058130
-5.2053269627
-5.2238005080
-5.2585665997
-5.3381813908
-5.3652064350
-5.3833682467
-5.3840121209
-5.4370159919
-5.5412771416
-5.5872953711
-5.6129514343
-5.7250038327
-5.8198699804
-5.9002322479
-5.9010336067
-6.0906906212
-6.1467710908
-6.1593828811
-6.3562907241
-6.4162908136
-6.6581343381
-7.0466745525
-7.0780636200
-7.1897976819
-7.2255611326
-7.2689480766
-7.3197389316
-7.6412137645
-7.7615052006
-8.0530592181
-8.7061972448
-9.7497554116
