Got input.Nx = 3
Got input.Ny = 3
Got input.hx = -0
args = 
Args: (only showing overrides of global args)
Nx=3
Ny=3
hx=-0

Using approx/svd conversion of AutoMPO->MPO

 checking point after Hqa
Eigenvalues: 

2.0000000000
2.0000000000
1.5000000000
1.5000000000
1.5000000000
1.5000000000
1.5000000000
1.5000000000
1.5000000000
1.5000000000
1.5000000000
1.5000000000
1.5000000000
1.5000000000
1.5000000000
1.5000000000
1.5000000000
1.5000000000
1.5000000000
1.5000000000
1.5000000000
1.5000000000
1.5000000000
1.5000000000
1.5000000000
1.5000000000
1.5000000000
1.5000000000
1.5000000000
1.5000000000
1.5000000000
1.5000000000
1.5000000000
1.5000000000
1.5000000000
1.5000000000
1.5000000000
1.5000000000
1.0000000000
1.0000000000
1.0000000000
1.0000000000
1.0000000000
1.0000000000
1.0000000000
1.0000000000
1.0000000000
1.0000000000
1.0000000000
1.0000000000
1.0000000000
1.0000000000
1.0000000000
1.0000000000
1.0000000000
1.0000000000
1.0000000000
1.0000000000
1.0000000000
1.0000000000
1.0000000000
1.0000000000
1.0000000000
1.0000000000
1.0000000000
1.0000000000
1.0000000000
1.0000000000
1.0000000000
1.0000000000
1.0000000000
1.0000000000
1.0000000000
1.0000000000
1.0000000000
1.0000000000
1.0000000000
1.0000000000
1.0000000000
1.0000000000
1.0000000000
1.0000000000
1.0000000000
1.0000000000
1.0000000000
1.0000000000
1.0000000000
1.0000000000
1.0000000000
1.0000000000
1.0000000000
1.0000000000
1.0000000000
1.0000000000
1.0000000000
1.0000000000
1.0000000000
1.0000000000
1.0000000000
1.0000000000
1.0000000000
1.0000000000
1.0000000000
1.0000000000
1.0000000000
1.0000000000
1.0000000000
1.0000000000
1.0000000000
1.0000000000
1.0000000000
1.0000000000
1.0000000000
1.0000000000
1.0000000000
1.0000000000
1.0000000000
1.0000000000
1.0000000000
1.0000000000
1.0000000000
1.0000000000
1.0000000000
1.0000000000
1.0000000000
1.0000000000
1.0000000000
1.0000000000
1.0000000000
1.0000000000
0.5000000000
0.5000000000
0.5000000000
0.5000000000
0.5000000000
0.5000000000
0.5000000000
0.5000000000
0.5000000000
0.5000000000
0.5000000000
0.5000000000
0.5000000000
0.5000000000
0.5000000000
0.5000000000
0.5000000000
0.5000000000
0.5000000000
0.5000000000
0.5000000000
0.5000000000
0.5000000000
0.5000000000
0.5000000000
0.5000000000
0.5000000000
0.5000000000
0.5000000000
0.5000000000
0.5000000000
0.5000000000
0.5000000000
0.5000000000
0.5000000000
0.5000000000
0.5000000000
0.5000000000
0.5000000000
0.5000000000
0.5000000000
0.5000000000
0.5000000000
0.5000000000
0.5000000000
0.5000000000
0.5000000000
0.5000000000
0.5000000000
0.5000000000
0.5000000000
0.5000000000
0.5000000000
0.5000000000
0.5000000000
0.5000000000
0.5000000000
0.5000000000
0.5000000000
0.5000000000
0.5000000000
0.5000000000
0.5000000000
0.5000000000
0.5000000000
0.5000000000
0.5000000000
0.5000000000
0.5000000000
0.5000000000
0.5000000000
0.5000000000
0.5000000000
0.5000000000
0.5000000000
0.5000000000
0.5000000000
0.5000000000
0.5000000000
0.5000000000
0.5000000000
0.5000000000
0.5000000000
0.5000000000
0.5000000000
0.5000000000
0.5000000000
0.5000000000
0.5000000000
0.5000000000
0.5000000000
0.5000000000
0.5000000000
0.5000000000
0.5000000000
0.5000000000
0.0000000000
0.0000000000
0.0000000000
0.0000000000
0.0000000000
0.0000000000
0.0000000000
0.0000000000
0.0000000000
0.0000000000
0.0000000000
0.0000000000
0.0000000000
0.0000000000
0.0000000000
0.0000000000
0.0000000000
0.0000000000
0.0000000000
0.0000000000
0.0000000000
0.0000000000
0.0000000000
0.0000000000
0.0000000000
0.0000000000
0.0000000000
0.0000000000
0.0000000000
0.0000000000
0.0000000000
0.0000000000
0.0000000000
0.0000000000
0.0000000000
0.0000000000
0.0000000000
0.0000000000
0.0000000000
0.0000000000
-0.0000000000
-0.0000000000
-0.0000000000
-0.0000000000
-0.0000000000
-0.0000000000
-0.0000000000
-0.0000000000
-0.0000000000
-0.0000000000
-0.0000000000
-0.0000000000
-0.0000000000
-0.0000000000
-0.0000000000
-0.0000000000
-0.0000000000
-0.0000000000
-0.0000000000
-0.0000000000
-0.0000000000
-0.0000000000
-0.0000000000
-0.0000000000
-0.0000000000
-0.0000000000
-0.0000000000
-0.0000000000
-0.0000000000
-0.0000000000
-0.0000000000
-0.0000000000
-0.0000000000
-0.0000000000
-0.0000000000
-0.0000000000
-0.0000000000
-0.0000000000
-0.0000000000
-0.0000000000
-0.0000000000
-0.0000000000
-0.0000000000
-0.0000000000
-0.0000000000
-0.0000000000
-0.0000000000
-0.0000000000
-0.0000000000
-0.0000000000
-0.0000000000
-0.0000000000
-0.0000000000
-0.0000000000
-0.0000000000
-0.0000000000
-0.0000000000
-0.0000000000
-0.0000000000
-0.0000000000
-0.0000000000
-0.0000000000
-0.5000000000
-0.5000000000
-0.5000000000
-0.5000000000
-0.5000000000
-0.5000000000
-0.5000000000
-0.5000000000
-0.5000000000
-0.5000000000
-0.5000000000
-0.5000000000
-0.5000000000
-0.5000000000
-0.5000000000
-0.5000000000
-0.5000000000
-0.5000000000
-0.5000000000
-0.5000000000
-0.5000000000
-0.5000000000
-0.5000000000
-0.5000000000
-0.5000000000
-0.5000000000
-0.5000000000
-0.5000000000
-0.5000000000
-0.5000000000
-0.5000000000
-0.5000000000
-0.5000000000
-0.5000000000
-0.5000000000
-0.5000000000
-0.5000000000
-0.5000000000
-0.5000000000
-0.5000000000
-0.5000000000
-0.5000000000
-0.5000000000
-0.5000000000
-0.5000000000
-0.5000000000
-0.5000000000
-0.5000000000
-0.5000000000
-0.5000000000
-0.5000000000
-0.5000000000
-0.5000000000
-0.5000000000
-0.5000000000
-0.5000000000
-0.5000000000
-0.5000000000
-0.5000000000
-0.5000000000
-0.5000000000
-0.5000000000
-0.5000000000
-0.5000000000
-0.5000000000
-0.5000000000
-0.5000000000
-0.5000000000
-0.5000000000
-0.5000000000
-0.5000000000
-0.5000000000
-0.5000000000
-0.5000000000
-0.5000000000
-0.5000000000
-0.5000000000
-0.5000000000
-0.5000000000
-0.5000000000
-0.5000000000
-0.5000000000
-0.5000000000
-0.5000000000
-0.5000000000
-0.5000000000
-0.5000000000
-0.5000000000
-1.0000000000
-1.0000000000
-1.0000000000
-1.0000000000
-1.0000000000
-1.0000000000
-1.0000000000
-1.0000000000
-1.0000000000
-1.0000000000
-1.0000000000
-1.0000000000
-1.0000000000
-1.0000000000
-1.0000000000
-1.0000000000
-1.0000000000
-1.0000000000
-1.0000000000
-1.0000000000
-1.0000000000
-1.0000000000
-1.0000000000
-1.0000000000
-1.0000000000
-1.0000000000
-1.0000000000
-1.0000000000
-1.0000000000
-1.0000000000
-1.0000000000
-1.0000000000
-1.5000000000
-1.5000000000
-1.5000000000
-1.5000000000
-1.5000000000
-1.5000000000
-1.5000000000
-1.5000000000
-1.5000000000
-1.5000000000
-1.5000000000
-1.5000000000
-1.5000000000
-1.5000000000
-1.5000000000
-1.5000000000
-1.5000000000
-1.5000000000
-1.5000000000
-1.5000000000
-1.5000000000
-1.5000000000
-1.5000000000
-1.5000000000
-1.5000000000
-1.5000000000
-1.5000000000
-1.5000000000
-1.5000000000
-1.5000000000
-1.5000000000
-1.5000000000
-2.0000000000
-2.0000000000
-2.0000000000
-2.0000000000
-2.0000000000
-2.0000000000
-2.0000000000
-2.0000000000
-2.0000000000
-2.0000000000
-2.0000000000
-2.0000000000
-2.0000000000
-2.0000000000
-2.0000000000
-2.0000000000
-2.0000000000
-2.0000000000
-2.0000000000
-2.0000000000
-2.0000000000
-2.0000000000
-2.5000000000
-2.5000000000
-2.5000000000
-2.5000000000
-3.0000000000
-3.0000000000
-3.0000000000
-3.0000000000
-4.0000000000
-4.0000000000
