Got input.Nx = 3
Got input.Ny = 3
Got input.hx = -1.8
args = 
Args: (only showing overrides of global args)
Nx=3
Ny=3
hx=-1.8

Using approx/svd conversion of AutoMPO->MPO

 checking point after Hqa
Eigenvalues: 

8.3341806238
6.9849600617
6.9704134872
6.7705668162
6.7188113151
6.6791038003
6.3689335224
6.2240202046
6.0256453539
5.6803281148
5.5525145896
5.4968717537
5.4262386652
5.3656412331
5.2856045992
5.2373561125
5.2303351479
5.1741910744
5.1502129371
5.0804947675
5.0351775539
5.0321058619
4.9781848774
4.9312416282
4.8916599960
4.7371199162
4.7324688222
4.7241010224
4.6472015060
4.6389663687
4.5987654909
4.5287620190
4.4871017708
4.3915423332
4.3776050439
4.3028154342
4.2796420008
4.2597678178
4.2320036329
4.1482618070
4.0101639061
3.9507532412
3.9497709336
3.9038560261
3.8188841131
3.8005253164
3.7748841595
3.7747989360
3.7550371056
3.7356748437
3.7146517560
3.6393278762
3.6340549136
3.5832671559
3.5760368365
3.5689275102
3.5337602474
3.5015571339
3.4933472828
3.4747689364
3.4506691388
3.4226164652
3.4154131725
3.3866565852
3.3651704121
3.3650281906
3.3514282450
3.2414703634
3.2405361827
3.2305373740
3.2140311352
3.1999303425
3.1593453136
3.1332622810
3.1293560168
3.1229704129
3.0772546240
3.0684786860
3.0513123669
3.0119679361
2.9737278474
2.9701577483
2.9298117987
2.9032899237
2.8965963556
2.8868366052
2.8755344170
2.8591623292
2.8370366682
2.8147453101
2.7791347203
2.7703924514
2.7428833641
2.7414839430
2.7126042308
2.7055310786
2.6978546953
2.6440428075
2.6370641802
2.6056654028
2.6019827922
2.5648695073
2.5142645085
2.4953138878
2.4878017175
2.4282667665
2.4224440298
2.4184217249
2.3979741993
2.3670887181
2.3261942688
2.3261257465
2.2695112839
2.1922086569
2.1832604478
2.1716998423
2.1556834470
2.1511949072
2.1114427165
2.0848501774
2.0821173699
2.0795969466
2.0470216994
2.0181573236
2.0157946446
2.0151503731
1.9688169986
1.9339240246
1.9282425813
1.9280160051
1.9167963351
1.9020184113
1.8858853043
1.8602151495
1.8561204867
1.8386869964
1.8155290052
1.8119793642
1.8021998708
1.8000304814
1.7446435479
1.7442406112
1.7438127488
1.7324357738
1.7250193666
1.6961810650
1.6916462960
1.6576897182
1.6502948858
1.6380656591
1.6010393076
1.5915791404
1.5622235110
1.5330071594
1.5282946667
1.5187184714
1.5175930986
1.4974915305
1.4958486213
1.4810664331
1.4489322893
1.4347812396
1.4007416931
1.3941224935
1.3691333720
1.3620740688
1.3566170351
1.3486740326
1.3423295663
1.3204188269
1.3114610526
1.2879316554
1.2552522188
1.2490968250
1.2292032153
1.2218819846
1.2134647789
1.1985763749
1.1742874991
1.1739400405
1.1544608031
1.1360093256
1.1250637542
1.0972001685
1.0900839443
1.0744124523
1.0716335570
1.0632419094
1.0629546675
1.0478240771
1.0418016335
1.0036165169
0.9990207767
0.9968146076
0.9967156782
0.9566440040
0.9538700372
0.9481302716
0.9127020002
0.8980777887
0.8976116501
0.8830888461
0.8752136203
0.8513342634
0.8501730980
0.8346971239
0.8131552771
0.8128028013
0.7924468193
0.7664576847
0.7346621849
0.7220434457
0.6884397681
0.6815423077
0.6577243457
0.6555203786
0.6026483421
0.6024348551
0.5993859324
0.5952074981
0.5747431474
0.5427439670
0.4766119862
0.4683315973
0.4643696031
0.4606693465
0.4555582221
0.4014156125
0.3915918377
0.3518626230
0.2948318400
0.2948185196
0.2854757196
0.2763152822
0.2581946587
0.2546140780
0.2173091470
0.2092765240
0.2077532788
0.2073545067
0.1971268620
0.1940680441
0.1930958945
0.1706884462
0.1660374558
0.1233739561
0.0931030136
0.0861308301
0.0763028809
0.0747339141
0.0563201103
0.0389398501
0.0302323558
0.0234834592
0.0129054878
0.0113138283
-0.0193077624
-0.0251637220
-0.0492162512
-0.0493725165
-0.0534077537
-0.0614652412
-0.0694890858
-0.1265960140
-0.1286307025
-0.1507896213
-0.1789399742
-0.1803615392
-0.1831363178
-0.2081220883
-0.2172265074
-0.2456110200
-0.2504246504
-0.2592940523
-0.2876095518
-0.2908409466
-0.2980916967
-0.3018907354
-0.3046948828
-0.3286527186
-0.3332145471
-0.3719377748
-0.3800450592
-0.3895816320
-0.4111585625
-0.4312964564
-0.4339722420
-0.4397011068
-0.4507221414
-0.4711453223
-0.4862953388
-0.5025038934
-0.5208301817
-0.5437367340
-0.5586516239
-0.5714492733
-0.5799104468
-0.5853024889
-0.5928081101
-0.6342767443
-0.6410549699
-0.6527495030
-0.6640210033
-0.6822222496
-0.6882276144
-0.6897804262
-0.7129240102
-0.7264167828
-0.7391094402
-0.7431450093
-0.7530959906
-0.7669664329
-0.7885816435
-0.7973119663
-0.8049889050
-0.8104068880
-0.8220030921
-0.8275356561
-0.8563755291
-0.8585734117
-0.8805342806
-0.9041646734
-0.9060266545
-0.9109301683
-0.9278009741
-0.9408025123
-0.9475193264
-0.9874758544
-1.0003639884
-1.0142988542
-1.0275375549
-1.0435774653
-1.0589175743
-1.0658566294
-1.1113979305
-1.1338975854
-1.1417429878
-1.1582427227
-1.1736314455
-1.1746461890
-1.1969807931
-1.2120087456
-1.2282769637
-1.2603933231
-1.2684819987
-1.2771123683
-1.3299048674
-1.3477842151
-1.3855790425
-1.3900780126
-1.3916995828
-1.4066286156
-1.4817944236
-1.4876087164
-1.5110793206
-1.5704142864
-1.5860103895
-1.5917366262
-1.6467786106
-1.6510539918
-1.6559588017
-1.6694964744
-1.6890379724
-1.6980084902
-1.7212433994
-1.7384319608
-1.7403656560
-1.7487934850
-1.7567334763
-1.7715826729
-1.7975750190
-1.8098944284
-1.8298723163
-1.8493274523
-1.8904384086
-1.8947266795
-1.9231952775
-1.9346736689
-1.9397223286
-1.9677179460
-1.9690739655
-1.9869556339
-2.0123234925
-2.0351620732
-2.0398762536
-2.0650686159
-2.0670400015
-2.0749728009
-2.0762596892
-2.1087138245
-2.1145756422
-2.1181250423
-2.1419284383
-2.1490950189
-2.1672448518
-2.2405296145
-2.2420470031
-2.2534448679
-2.2593472331
-2.2796397863
-2.2825404216
-2.2961635771
-2.3147896839
-2.3154664770
-2.3335088190
-2.3978732677
-2.4216276024
-2.4229622467
-2.4746902074
-2.4811686958
-2.4894283414
-2.4953818924
-2.5335780323
-2.5477384803
-2.5554381412
-2.5724286689
-2.5913830691
-2.6555742697
-2.6649844176
-2.6781518502
-2.6864271797
-2.6871426836
-2.7104650218
-2.7353234041
-2.7475571779
-2.7572375188
-2.7907308252
-2.7907909029
-2.8002640759
-2.8491271972
-2.8790272001
-2.9024121247
-2.9206064955
-2.9345715187
-2.9566419014
-2.9884395095
-3.0306588134
-3.0604562655
-3.1060760266
-3.1336606214
-3.1625970631
-3.2240478610
-3.2241865015
-3.2404579516
-3.2500074888
-3.2581149157
-3.3067389956
-3.3615207303
-3.3746981919
-3.3988750323
-3.4263868215
-3.5266885092
-3.5534277008
-3.5819406244
-3.6253326235
-3.7146841490
-3.7735289663
-3.7773254633
-3.8318775962
-3.8531713972
-3.8577332508
-3.8596194830
-3.8756134368
-3.9071146282
-3.9533609733
-3.9656258294
-3.9990716086
-4.0143416169
-4.0214399897
-4.0291389756
-4.0946901777
-4.1705917915
-4.1985511863
-4.2181240435
-4.2754299757
-4.2775794205
-4.2804916376
-4.3360202643
-4.3505457289
-4.4634399045
-4.4735543699
-4.4952689418
-4.5311449275
-4.6082145626
-4.6379788711
-4.6589365728
-4.7086957123
-4.8152635850
-4.8522101070
-4.8831060010
-4.9281043607
-4.9976198307
-5.0989459922
-5.1797079710
-5.1935597732
-5.3836351054
-5.4218324063
-5.4404630783
-5.6339007885
-5.7078726399
-5.9432713502
-6.0390854282
-6.0758904205
-6.2215605894
-6.2560441358
-6.3200526131
-6.4709131738
-6.6343064732
-6.7405071551
-7.0379397550
-7.7290252465
-8.4686404766
