Got input.Nx = 3
Got input.Ny = 3
Got input.hx = -2.9
args = 
Args: (only showing overrides of global args)
Nx=3
Ny=3
hx=-2.9

Using approx/svd conversion of AutoMPO->MPO

 checking point after Hqa
Eigenvalues: 

13.2039346456
10.7720245749
10.7607105750
10.5712207798
10.5114471610
10.4853926116
10.1577730239
10.0090067127
9.7913142414
9.4040686999
8.2562223624
8.2087392261
8.1448502592
8.0756701926
8.0002001554
7.9518898137
7.9462615454
7.8990230957
7.8699449244
7.7934185271
7.7387916007
7.7370082002
7.7034531616
7.6379811903
7.6097372817
7.4470456944
7.4422769952
7.4365072961
7.3483633478
7.3376654650
7.3087535458
7.2404196174
7.1844407164
7.0774416472
7.0747079753
6.9870556042
6.9659070015
6.9657547792
6.9126675332
6.8092304204
6.6265791421
6.6253115322
6.4602389956
6.4418725803
6.2145330580
5.8193196153
5.6335583111
5.5351789275
5.4508759843
5.4029918678
5.3970794515
5.3727769726
5.3457786933
5.2675976027
5.2651747716
5.2139659900
5.2119663777
5.1562711025
5.1370653713
5.1153772289
5.1037187619
5.0834151913
5.0478576747
5.0475514424
5.0211275206
5.0010106056
4.9818466589
4.9794091663
4.8693666973
4.8669777232
4.8668217521
4.8354279649
4.7791345010
4.7667802908
4.7560256835
4.7541639317
4.6932532056
4.6912028453
4.6831290028
4.6355686003
4.6003573272
4.5897758996
4.5587032212
4.5192347110
4.5161337941
4.5145212098
4.4865483239
4.4825998109
4.4572122364
4.4279100312
4.4103842781
4.3890713693
4.3639987778
4.3597842090
4.3480968729
4.3311704882
4.2990605546
4.2745123825
4.2559627026
4.2332057800
4.2072598005
4.1716958828
4.1134045839
4.1080657824
4.1067134780
4.0502040996
4.0325886964
4.0244818303
4.0014769536
3.9696408841
3.9358092406
3.8670545768
3.8026544844
3.7778952750
3.7640782562
3.7413290861
3.7153853669
3.6865322724
3.6149804324
3.5958336495
3.4842950123
3.4300357993
3.3910496393
3.3246442526
3.2824950451
3.2297138116
3.0992781429
3.0487612425
2.8756401966
2.8612342890
2.7152548849
2.6370229459
2.6233233810
2.5938206472
2.5701850318
2.5269263278
2.4833836937
2.4808010384
2.4798751017
2.4474110552
2.4239732185
2.4226774627
2.4049686519
2.3779781507
2.3562474437
2.3531200942
2.3510273498
2.2855252758
2.2844354435
2.2839895573
2.2772236296
2.2454507527
2.2041452115
2.1812993055
2.1469957709
2.1329338840
2.1025898877
2.0840289215
2.0682283559
2.0589813571
2.0431132226
2.0314194203
1.9862317369
1.9786150626
1.9385874332
1.9372929181
1.9147280798
1.9107293059
1.9070998692
1.8892343585
1.8887838951
1.8639602086
1.8206786821
1.7955908118
1.7902900055
1.7723848013
1.7547268086
1.7534797607
1.7353177919
1.7090043829
1.7031720340
1.6988252966
1.6725071205
1.6657611835
1.6451132916
1.6334509956
1.6129203367
1.6095269022
1.6017703269
1.6000671007
1.5927195267
1.5909736467
1.5562539655
1.5466289298
1.5354433664
1.5169888802
1.4977413581
1.4970579802
1.4797318333
1.4527410220
1.4437588906
1.4380753423
1.4132611733
1.3911429122
1.3787855349
1.3701314660
1.3519035526
1.3485982714
1.3290387454
1.2920855475
1.2766557959
1.2453331794
1.2292966127
1.2212390819
1.1987520265
1.1899672321
1.1415352873
1.1398106343
1.1327868019
1.1297591342
1.1059868537
1.0613398858
1.0063315996
1.0046608418
0.9951367277
0.9886003261
0.9400614716
0.9073598192
0.8980375299
0.8030402022
0.8028241212
0.7990719746
0.7698023898
0.7453303818
0.7229465713
0.7212602107
0.7023089826
0.6848932777
0.6166480614
0.6045930285
0.5739198460
0.5554013948
0.4962997706
0.4563611092
0.4474941285
0.3163750684
0.2996559802
0.2724203950
0.2406921408
0.1789148406
0.1263671618
0.1114583613
-0.0615044037
-0.0806504897
-0.1614086574
-0.2305019605
-0.2783924581
-0.3231960285
-0.3279444786
-0.3445819127
-0.3555436272
-0.3707045525
-0.4164484920
-0.4453694018
-0.4458175903
-0.4967579585
-0.5282800568
-0.5295446968
-0.5426099592
-0.5508199640
-0.5766423801
-0.5942107341
-0.5997385594
-0.6593865845
-0.6610120048
-0.6730671449
-0.7035255104
-0.7216905387
-0.7503079708
-0.7729042222
-0.7803145776
-0.7985477706
-0.8297563986
-0.8395184575
-0.8426385338
-0.8668113919
-0.8726997685
-0.8990605357
-0.9483431519
-0.9691693490
-0.9759427278
-0.9798907180
-0.9962937054
-1.0072036791
-1.0222112732
-1.0386853012
-1.0558961886
-1.0776271614
-1.1087569400
-1.1309290306
-1.1334526631
-1.1345105124
-1.1843645049
-1.1945092087
-1.2034441136
-1.2174997414
-1.2243329076
-1.2322817807
-1.2499921037
-1.2740413349
-1.2799086536
-1.2924195051
-1.2961034592
-1.3002842048
-1.3325226867
-1.3359930846
-1.3420615042
-1.3494364978
-1.3683240985
-1.3833873194
-1.4116637324
-1.4222209842
-1.4382998653
-1.4456183450
-1.4466011162
-1.4705266125
-1.4780144447
-1.4978468180
-1.5146126381
-1.5374661674
-1.5589330006
-1.5758362131
-1.5762170935
-1.5997663913
-1.6007953934
-1.6498463610
-1.6757910837
-1.6883331325
-1.7117699187
-1.7155896209
-1.7223259767
-1.7292292614
-1.7658615186
-1.7988462283
-1.8156890221
-1.8249449720
-1.8616379803
-1.8937458925
-1.9295981883
-1.9305153666
-1.9382304956
-1.9434256799
-2.0188455577
-2.0201711949
-2.0559150973
-2.1296762027
-2.1397328964
-2.1753500206
-2.1950595642
-2.2142442677
-2.2402786833
-2.2509926092
-2.2831470383
-2.2874455060
-2.3079141026
-2.3513799622
-2.3848091484
-2.4274155448
-2.4578611193
-2.5371362306
-2.5385709167
-2.6126847917
-2.6204084064
-2.6391676699
-2.7119415045
-2.8185620970
-2.8235352837
-2.8529838990
-3.0593658399
-3.1519511484
-3.1883666631
-3.2579549090
-3.3333058979
-3.3478823152
-3.3584045387
-3.3785396200
-3.4023185706
-3.4402159808
-3.5370390924
-3.5420564717
-3.5459467402
-3.5785446527
-3.6323125167
-3.6510646152
-3.6837309832
-3.6900456649
-3.7158176443
-3.7296180353
-3.7405653891
-3.7509889263
-3.7595544510
-3.7742500701
-3.8402727193
-3.8476659902
-3.8961444927
-3.9053348207
-3.9345791471
-3.9377517949
-3.9509924265
-4.0142946863
-4.0312256657
-4.0381665855
-4.0965660660
-4.0977371714
-4.1133075108
-4.1552923876
-4.1754123843
-4.1875349927
-4.2091280655
-4.2732745643
-4.2837539220
-4.2962359241
-4.3061996767
-4.3190633361
-4.3229150311
-4.3684876348
-4.3858563519
-4.4020219396
-4.4060519483
-4.4091447533
-4.4600884741
-4.4956204481
-4.5232750339
-4.5275453638
-4.5515306618
-4.5561910089
-4.6103496126
-4.6484847736
-4.6794911165
-4.7198097023
-4.7430981782
-4.8014632576
-4.8232417705
-4.8421321701
-4.8559721195
-4.8708782522
-4.9037616505
-4.9874653239
-4.9991172195
-5.0068792071
-5.0684820417
-5.1328966428
-5.1376571950
-5.1679667872
-5.2350626873
-5.3145410824
-5.4642612186
-5.4657285220
-5.4844092475
-5.5084925326
-5.5620029513
-5.6251381576
-5.8034662149
-5.8941968796
-6.0807684402
-6.4408376925
-6.4584436588
-6.5104167694
-6.5720677836
-6.5919415743
-6.6467057705
-6.6977622928
-6.7070300636
-6.7160157556
-6.7752058638
-6.8621810002
-6.9077306005
-6.9496064328
-6.9497406892
-7.0248768205
-7.0327788348
-7.1773213696
-7.1915965040
-7.2234954138
-7.3100383943
-7.3283827739
-7.3447807073
-7.4041742308
-7.5025239149
-7.5633495856
-7.5815890788
-7.6898723928
-7.7715624871
-7.8294294412
-7.8508028912
-8.0206107360
-8.1048195611
-8.1107192884
-8.3102809500
-8.3497352031
-8.6001931562
-9.1245827066
-9.7847516515
-9.8059485437
-9.9597002858
-10.0140051213
-10.0473732389
-10.3791292186
-10.5150569642
-10.7960755373
-11.3912960005
-13.2510848660
