Got input.Nx = 3
Got input.Ny = 3
Got input.hx = -1.5
args = 
Args: (only showing overrides of global args)
Nx=3
Ny=3
hx=-1.5

Using approx/svd conversion of AutoMPO->MPO

 checking point after Hqa
Eigenvalues: 

7.0233861700
5.9652962720
5.9499836550
5.7441797809
5.6966435510
5.6503682579
5.3506881555
5.2080021076
5.0197185096
4.8252011195
4.7651518474
4.6944785702
4.6903610353
4.6351390159
4.5532384502
4.5050503118
4.4969607118
4.4363875479
4.4144747730
4.3487453174
4.3081909069
4.3045275276
4.2403505523
4.2029250359
4.1579280408
4.0085051327
4.0067173984
3.9906294429
3.9219538306
3.9153760283
3.8713083472
3.7988051582
3.7642807464
3.6800816321
3.6567584155
3.5822453470
3.5723768898
3.5618330085
3.5330086366
3.5167553989
3.4622810978
3.4436918972
3.3772998578
3.3346361961
3.3078050579
3.2929657045
3.2734338982
3.2410953343
3.2401618048
3.1991771694
3.1915946520
3.1417463385
3.1337865182
3.0992171474
3.0967563004
3.0705007031
3.0582404734
3.0566711460
3.0346377897
3.0087347936
2.9850719761
2.9743613931
2.9438372657
2.9315819308
2.9263359997
2.9074959524
2.8768293271
2.8029792072
2.8019288075
2.7874978179
2.7569243140
2.7257949042
2.6975926622
2.6898857496
2.6821623689
2.6431320961
2.6335379214
2.6107663880
2.5754182424
2.5429238658
2.5364818181
2.5363115322
2.4919479048
2.4712963670
2.4622861306
2.4491929640
2.4460135670
2.4215859428
2.4055125331
2.3832123613
2.3385448945
2.3361560139
2.3099479450
2.3087935751
2.2758014469
2.2705320664
2.2667175035
2.2033579596
2.2030860313
2.1831723995
2.1739142576
2.1619001945
2.1388658081
2.0883999451
2.0641337542
2.0557511769
2.0239201548
2.0031328760
1.9900193013
1.9844860014
1.9721866593
1.9416366347
1.9354278044
1.9318539114
1.8996280171
1.8981528399
1.8603130252
1.8484217836
1.8128076731
1.7832395901
1.7757295262
1.7747336364
1.7661246843
1.7610859014
1.7524359849
1.7424581825
1.7402368343
1.7246720017
1.7115565898
1.6936909617
1.6873748779
1.6670516762
1.6545977151
1.6492683663
1.6487178192
1.6077366127
1.5993961089
1.5989819823
1.5940543137
1.5839127636
1.5689333442
1.5429933173
1.5116105920
1.5085262746
1.4911989849
1.4527550194
1.4497193884
1.4458402988
1.4159388601
1.4083395903
1.3818073271
1.3739061358
1.3669037719
1.3491950537
1.3331958959
1.3310698383
1.3044355450
1.2873649206
1.2792670693
1.2595579179
1.2474989897
1.2425170457
1.2206276348
1.2124677123
1.2087395772
1.2005284616
1.1930468275
1.1720456527
1.1465360270
1.1247283260
1.1129291720
1.1036244092
1.1013580315
1.0841226455
1.0805260764
1.0683247007
1.0563618324
1.0363330837
1.0327973096
1.0068089064
0.9953845358
0.9775421278
0.9556018082
0.9463200284
0.9304404735
0.9274600399
0.9213232912
0.9178721413
0.9125039311
0.9013131941
0.8938245151
0.8618802384
0.8521023423
0.8506436506
0.8504176834
0.8108510987
0.8076592849
0.8059905260
0.7506726449
0.7463846278
0.7324213167
0.7307458460
0.7121854438
0.7085315793
0.6897569345
0.6714790112
0.6690360336
0.6508802303
0.6293812522
0.5976735911
0.5899154266
0.5867809434
0.5481566171
0.5444271290
0.5362757394
0.5194913767
0.5114227837
0.4625548355
0.4599888527
0.4597543565
0.4497362035
0.4335962353
0.4288201323
0.4086306960
0.3975892926
0.3505820885
0.3457841861
0.3398548399
0.3352509098
0.3312391987
0.3163785757
0.3154753489
0.3129738611
0.2645608280
0.2612989967
0.2596328242
0.2349032513
0.2246351912
0.2070561636
0.1733915594
0.1711951291
0.1654534094
0.1592459198
0.1561914863
0.1391516425
0.1249910214
0.1170245657
0.1022842478
0.0926667810
0.0864121779
0.0798088664
0.0782992148
0.0776039254
0.0735265867
0.0577762957
0.0342831063
0.0132054442
0.0110723892
-0.0172725212
-0.0400661847
-0.0448228007
-0.0605908679
-0.0661725608
-0.0711860010
-0.0785881245
-0.0918182896
-0.1004860446
-0.1054325798
-0.1153193436
-0.1482332699
-0.1509701799
-0.1582841465
-0.1662042164
-0.1872107050
-0.1922694774
-0.2020815092
-0.2366601261
-0.2702139369
-0.2846402367
-0.2868283574
-0.2956504652
-0.3013449101
-0.3039821576
-0.3287891323
-0.3314059910
-0.3439812736
-0.3607804164
-0.3781816353
-0.3783247614
-0.4028462962
-0.4089428782
-0.4137039229
-0.4190978072
-0.4300702986
-0.4348935747
-0.4455404393
-0.4966716304
-0.4985756900
-0.5039405691
-0.5040134143
-0.5241791069
-0.5367201717
-0.5429590533
-0.5480934849
-0.5722687202
-0.5763778826
-0.5940364401
-0.5958667762
-0.6059378341
-0.6280936648
-0.6414805000
-0.6534452362
-0.6614269674
-0.6675055435
-0.6820042046
-0.6836599028
-0.7070930667
-0.7161041365
-0.7300046684
-0.7333145350
-0.7613100285
-0.7666948415
-0.7679224036
-0.7830750680
-0.7911611718
-0.8027618616
-0.8358687096
-0.8667767424
-0.8680350475
-0.8783148397
-0.9038196969
-0.9136019054
-0.9141820371
-0.9228974771
-0.9683175362
-0.9850578624
-0.9936561707
-1.0062120505
-1.0234811329
-1.0281612480
-1.0555755325
-1.0872858037
-1.1163468887
-1.1165746427
-1.1252779439
-1.1737590923
-1.1846048637
-1.2018566295
-1.2279484548
-1.2334747876
-1.2391980520
-1.2533811115
-1.2649998322
-1.2787470056
-1.2951895438
-1.3160696171
-1.3268715534
-1.3374905942
-1.3403646901
-1.3623464027
-1.3752011091
-1.4109956229
-1.4204381241
-1.4328197699
-1.4912352863
-1.5034933078
-1.5106064646
-1.5153608446
-1.5177211694
-1.5181612746
-1.5313939596
-1.5411348618
-1.5474070888
-1.5806530776
-1.5895301532
-1.6007690284
-1.6123183164
-1.6203332494
-1.6385643067
-1.6468963219
-1.6616699605
-1.6696144760
-1.6938716936
-1.6948250646
-1.7084433769
-1.7174414108
-1.7245517840
-1.7346067692
-1.7438694777
-1.8001096170
-1.8107971832
-1.8210806211
-1.8235532068
-1.8495762645
-1.8531349040
-1.8712508748
-1.8788138225
-1.8838015976
-1.9098646755
-1.9114295775
-1.9124629572
-1.9700771636
-1.9916134600
-2.0013806745
-2.0142817521
-2.0401131446
-2.0457068314
-2.0570532834
-2.0873829846
-2.0916418756
-2.0992055110
-2.1031255790
-2.1246809992
-2.1332892711
-2.1593654351
-2.2235271039
-2.2313258100
-2.2410678704
-2.2445825199
-2.2595880496
-2.2812345813
-2.3017178569
-2.3040188715
-2.3280074057
-2.3602368957
-2.3608401608
-2.3719688897
-2.3905088753
-2.4208251893
-2.4467889750
-2.4668063793
-2.4943298408
-2.5005766030
-2.5353201319
-2.5545937365
-2.5619039712
-2.5971542484
-2.6312826438
-2.6727340395
-2.7089230704
-2.8007204891
-2.8094677654
-2.8110871051
-2.8175702010
-2.8358843405
-2.8801032536
-2.9215895108
-2.9436966416
-2.9440289795
-2.9726489088
-2.9798038813
-3.0683440953
-3.0741123798
-3.0980244757
-3.1362780875
-3.1405228707
-3.1663196899
-3.1937434134
-3.1951804356
-3.2676530991
-3.2849500961
-3.3069614097
-3.3087427496
-3.3276646853
-3.3903798053
-3.3958376696
-3.4124327497
-3.4297762349
-3.4517529883
-3.4522351660
-3.5132149176
-3.5205089830
-3.5580528206
-3.5699306612
-3.5742426172
-3.6250283108
-3.6421242383
-3.7510419621
-3.7676239907
-3.7787079528
-3.8149947648
-3.8350116681
-3.8917487326
-3.9205145077
-3.9457755541
-3.9934222469
-4.0147171667
-4.0996929281
-4.1240745396
-4.1634287659
-4.2812597160
-4.3891437071
-4.4487824964
-4.4670754844
-4.5042558738
-4.6938435401
-4.7065333483
-4.7365040579
-4.9223607435
-5.0174210981
-5.0595623338
-5.0987986868
-5.2427999657
-5.2465114414
-5.2633391107
-5.3511319808
-5.6541568230
-5.7324942807
-5.7498490987
-6.0375389941
-6.7845832989
-7.2303428170
