Got input.Nx = 3
Got input.Ny = 3
Got input.hx = -0.9
args = 
Args: (only showing overrides of global args)
Nx=3
Ny=3
hx=-0.9

Using approx/svd conversion of AutoMPO->MPO

 checking point after Hqa
Eigenvalues: 

4.4641406546
3.9705105593
3.9579132156
3.7265121839
3.6956280072
3.6271585617
3.4067149474
3.3778302967
3.3279260131
3.2433493880
3.2324036440
3.2041777334
3.1181456730
3.0963134657
3.0713114142
3.0573769371
2.9803993426
2.9625087525
2.9152122026
2.8911159857
2.8864431029
2.8555753593
2.7854201031
2.7840573951
2.7230535550
2.7012816327
2.6055370453
2.5965982069
2.5861865252
2.5598126327
2.5138511390
2.5133873840
2.5043196195
2.4705161603
2.4637466165
2.4257804626
2.4106558496
2.4005957298
2.3865545524
2.3700124076
2.3444995035
2.3217558409
2.3093712622
2.2769784215
2.2736230228
2.2626435422
2.2331091065
2.2003572319
2.1930554393
2.1836212689
2.1809492672
2.1670481162
2.1546525079
2.1344720676
2.1335897694
2.1320948852
2.1159320352
2.1076248669
2.0876532122
2.0735994704
2.0686397610
2.0221887528
1.9477445605
1.9442162122
1.9413834466
1.9167655370
1.9162493324
1.8937648390
1.8829681042
1.8597569998
1.8554227703
1.8231778364
1.8155566798
1.8128748075
1.7979520912
1.7867562741
1.7776178175
1.7574989595
1.7289143441
1.7203556831
1.7009020638
1.6967499903
1.6887876619
1.6459505769
1.6443305550
1.6429680934
1.6268247125
1.6170004483
1.6065183581
1.5928071143
1.5898627171
1.5626306556
1.5588112228
1.5513088196
1.5258704659
1.5206151007
1.5161335761
1.4988250197
1.4823687116
1.4795602659
1.4720857599
1.4611301496
1.4584025063
1.4556019116
1.4358345681
1.4284070949
1.4162221789
1.4135307181
1.4063048737
1.4025006704
1.4017113904
1.3789401044
1.3618654581
1.3444695989
1.3439596023
1.3410141838
1.3321435254
1.3247466679
1.3138558338
1.3120682063
1.3066226274
1.2748131519
1.2736854812
1.2424164191
1.2342751707
1.2335048168
1.2172197404
1.2099494428
1.2064066274
1.1923411109
1.1820638338
1.1720956964
1.1597680167
1.1580462589
1.1460351692
1.1287176717
1.1104645364
1.1086091109
1.0927185411
1.0788881783
1.0742022355
1.0646218959
1.0543021569
1.0347632616
1.0148692184
1.0128487558
1.0105048781
1.0046012027
0.9874010696
0.9734231014
0.9647355418
0.9479475543
0.9258727329
0.9257653854
0.9102983153
0.9075871114
0.8931725761
0.8906223926
0.8821439843
0.8777250524
0.8751240163
0.8656139179
0.8483677394
0.8355305262
0.8340885656
0.8136052522
0.8132020355
0.8048169132
0.7900193481
0.7868151017
0.7797223487
0.7736859771
0.7655929084
0.7367189188
0.7283001497
0.7248723710
0.7151652297
0.7038843891
0.6841715220
0.6795789095
0.6594419687
0.6572664211
0.6480920975
0.6372600053
0.6361840951
0.6341647615
0.6307161007
0.6304534312
0.6158833949
0.6005397689
0.6001141527
0.5850691830
0.5809125547
0.5755217295
0.5707408870
0.5664150199
0.5601915194
0.5587043238
0.5519925502
0.5435793456
0.5293953190
0.5111013632
0.4970870249
0.4915192748
0.4803529152
0.4747972440
0.4652603161
0.4638806644
0.4605042292
0.4570210200
0.4503801680
0.4484180629
0.4319444291
0.4280914836
0.4179020709
0.4116648413
0.3996141456
0.3977530623
0.3895153596
0.3878328241
0.3819725350
0.3679482685
0.3528653599
0.3361091874
0.3348693822
0.3217717883
0.3040124617
0.2842140584
0.2835910721
0.2816779608
0.2537062666
0.2525730236
0.2509787909
0.2507007374
0.2442865998
0.2264077095
0.2083923025
0.2040435246
0.2015694156
0.1995872912
0.1902384159
0.1710483711
0.1624566332
0.1568249670
0.1553844086
0.1550411404
0.1501751197
0.1433376960
0.1101724259
0.1053071065
0.0991455858
0.0937699088
0.0836037059
0.0764630158
0.0719009508
0.0492863008
0.0460067051
0.0332812379
0.0297452963
-0.0032296773
-0.0120686680
-0.0226313050
-0.0258418791
-0.0275007487
-0.0343109089
-0.0438759991
-0.0446140711
-0.0549652814
-0.0783946494
-0.0852320875
-0.0924435790
-0.1026257702
-0.1039945479
-0.1050990997
-0.1175367300
-0.1227093051
-0.1282959942
-0.1407104860
-0.1418747050
-0.1432243657
-0.1522063339
-0.1612833947
-0.1629376941
-0.1668695854
-0.2208595751
-0.2217358791
-0.2252844256
-0.2356018273
-0.2620859393
-0.2642081782
-0.2689879406
-0.2692658163
-0.2756961731
-0.2805122197
-0.2839385849
-0.2897694432
-0.2918032308
-0.3008018262
-0.3251182914
-0.3331733794
-0.3333719322
-0.3578779685
-0.3651235370
-0.3695642073
-0.3749639287
-0.3831157963
-0.3982322828
-0.4067748588
-0.4140098408
-0.4178044011
-0.4301780218
-0.4362338628
-0.4435596093
-0.4636696391
-0.4689422502
-0.4746871128
-0.4797869330
-0.4851876531
-0.4881479965
-0.5070023202
-0.5098868033
-0.5112833437
-0.5126929695
-0.5288728807
-0.5292874986
-0.5451515802
-0.5620825927
-0.5742527102
-0.5796051214
-0.5843306295
-0.5913559357
-0.6121932068
-0.6246378996
-0.6251689816
-0.6376070446
-0.6386792974
-0.6405625021
-0.6431640956
-0.6821579941
-0.6969211915
-0.7033830471
-0.7041628853
-0.7072618729
-0.7090611664
-0.7133565700
-0.7204919987
-0.7291997878
-0.7342582122
-0.7708319248
-0.7829614425
-0.7837218648
-0.8042759347
-0.8154162226
-0.8215538069
-0.8253609191
-0.8287768181
-0.8355067592
-0.8389488583
-0.8541792748
-0.8669980504
-0.8851042497
-0.8980262636
-0.9156614169
-0.9188459125
-0.9278032840
-0.9291903491
-0.9473639757
-0.9766180017
-0.9811684285
-0.9811969764
-1.0023849945
-1.0028637224
-1.0079897140
-1.0482197890
-1.0597327138
-1.0659320124
-1.0665440550
-1.0754098705
-1.0770008719
-1.0829550122
-1.1021856503
-1.1241617498
-1.1384222838
-1.1458209569
-1.1686363725
-1.1737754646
-1.1738029742
-1.1846714236
-1.1978975583
-1.2182164640
-1.2285456825
-1.2299246795
-1.2447939334
-1.2574141303
-1.2581231674
-1.2605226636
-1.2659123065
-1.2833085287
-1.2940821088
-1.3168281906
-1.3312810173
-1.3379164781
-1.3385668090
-1.3616139201
-1.3668267187
-1.3768196941
-1.3863555293
-1.4005678042
-1.4022090142
-1.4091369294
-1.4327199292
-1.4342967050
-1.4421958329
-1.4693176360
-1.4723517955
-1.4982491085
-1.5197213147
-1.5356813826
-1.5373897490
-1.5443966810
-1.5670238941
-1.5887991966
-1.6035237611
-1.6113725228
-1.6154073166
-1.6191907548
-1.6353103281
-1.6441000980
-1.6442534852
-1.6921639321
-1.6969245777
-1.7302499212
-1.7429809413
-1.7620053618
-1.7690334659
-1.7865673804
-1.8146830677
-1.8261546641
-1.8460633640
-1.8482735510
-1.8649040314
-1.8689155147
-1.8825648428
-1.9133365364
-1.9487931246
-1.9766904715
-1.9858089943
-2.0025312684
-2.0328788814
-2.0458206789
-2.0515374055
-2.0541276764
-2.0591027699
-2.1017529373
-2.1295140981
-2.1360544499
-2.1491260291
-2.1527661986
-2.1611743780
-2.2352238641
-2.2620810931
-2.2641500632
-2.2855500322
-2.2865389751
-2.3146077737
-2.3405156085
-2.3532956704
-2.3645497204
-2.3780895930
-2.3934129199
-2.3975126101
-2.3975426736
-2.4777570140
-2.4879218804
-2.4894537384
-2.5183477024
-2.5544489547
-2.5569673516
-2.5694284400
-2.5821412656
-2.6257315212
-2.6499894133
-2.7105571562
-2.7355546440
-2.7530540124
-2.7693638754
-2.8204769155
-2.8317172716
-2.8980433026
-2.9404344525
-3.0042759459
-3.0365407406
-3.0878870368
-3.1085203851
-3.2318556737
-3.3395926899
-3.3550008764
-3.4158177833
-3.4397232821
-3.4417848194
-3.4456375274
-3.5743757874
-3.5960413481
-3.6916946251
-3.7460227167
-3.8208331073
-3.9446171157
-3.9717842381
-4.1558174716
-4.1901550067
-5.1146845719
-5.1523317321
