Got input.Nx = 3
Got input.Ny = 3
Got input.hx = -0.3
args = 
Args: (only showing overrides of global args)
Nx=3
Ny=3
hx=-0.3

Using approx/svd conversion of AutoMPO->MPO

 checking point after Hqa
Eigenvalues: 

2.2816799633
2.2659448305
2.1644550449
2.1429471864
2.0013663395
1.9908919642
1.9470509082
1.9168487815
1.8625182021
1.8490556959
1.8456384981
1.8359003763
1.8287617360
1.8271954286
1.7653179310
1.7348483546
1.7271272009
1.7218180634
1.6876828506
1.6803364291
1.6726965793
1.6668994561
1.6372852806
1.6257394579
1.6203635549
1.6178203070
1.5726960288
1.5710636770
1.5668743329
1.5532465353
1.5486202093
1.5475833574
1.5252631186
1.5168453659
1.4999336971
1.4964879209
1.4828763799
1.4693426436
1.4508275438
1.4339212484
1.4324315131
1.4220591318
1.4134061180
1.4071640174
1.4051838915
1.3833328116
1.3725152659
1.3594043006
1.3565357324
1.3496312164
1.3456447700
1.3424386024
1.3375295880
1.3304928837
1.3097406509
1.2866285154
1.2775930649
1.2714084830
1.2666216577
1.2651045490
1.2528866402
1.2414366560
1.2401828595
1.2375151833
1.2368548445
1.2235498191
1.2050234567
1.2038466660
1.2031019387
1.2017567487
1.1957861102
1.1785507449
1.1783129679
1.1611738790
1.1550874513
1.1436919899
1.1276702872
1.1170889346
1.1167785856
1.1141812789
1.1078326402
1.0845155810
1.0812974831
1.0780121779
1.0746010725
1.0726047996
1.0651853228
1.0618893815
1.0484583604
1.0428044355
1.0423697575
1.0402317944
1.0386446876
1.0379423284
1.0277275917
1.0185139120
1.0135239221
1.0035969696
1.0022583833
0.9969252747
0.9962773088
0.9962584926
0.9852645488
0.9695673832
0.9686082047
0.9662952037
0.9625020522
0.9475200960
0.9472210754
0.9240820545
0.9129726907
0.9113351470
0.9083228279
0.8871415589
0.8839259643
0.8829107374
0.8795001015
0.8777104309
0.8534410253
0.8495733522
0.8235887116
0.8082695540
0.8067166721
0.8051857667
0.7945414181
0.7913469584
0.7911780488
0.7788929825
0.7750315761
0.7739073805
0.7724728763
0.7665695686
0.7634764630
0.7614248285
0.7586223651
0.7566091461
0.7469510134
0.7454578164
0.7454340109
0.7424294371
0.7327407586
0.7291262765
0.7224543223
0.7217506372
0.7214113296
0.7187715659
0.7003020355
0.6885196957
0.6831104947
0.6827904207
0.6817991530
0.6800050205
0.6758787362
0.6730010383
0.6695972223
0.6680912496
0.6677347030
0.6524219188
0.6503876205
0.6475317000
0.6463236697
0.6310871470
0.6246230135
0.6131148956
0.5959065201
0.5932990709
0.5784170551
0.5755577289
0.5721560895
0.5606407586
0.5586776476
0.5505333976
0.5480761102
0.5444087029
0.5436303231
0.5338104505
0.5335150323
0.5331005633
0.5275497861
0.5201168466
0.5087544690
0.5076951745
0.5060032496
0.4823327761
0.4743259381
0.4636092434
0.4599883779
0.4525489218
0.4497756771
0.4435533159
0.4322639896
0.4322205665
0.4310232497
0.4227068262
0.4209231877
0.4043283393
0.4037122602
0.4016522726
0.3995327899
0.3950836049
0.3947194361
0.3930892370
0.3903496779
0.3846233171
0.3820799748
0.3725142005
0.3715928865
0.3660293231
0.3561108191
0.3462492195
0.3461589777
0.3417642270
0.3282093302
0.3257981775
0.3180930707
0.3116012942
0.2988257369
0.2922941390
0.2897144625
0.2844506904
0.2812573664
0.2725997660
0.2645182255
0.2615251493
0.2587445752
0.2578195130
0.2576779029
0.2567651734
0.2514176042
0.2462937835
0.2459385180
0.2436479351
0.2360575594
0.2298185699
0.2159821723
0.2142973669
0.2094058908
0.2046363590
0.1879887226
0.1873510845
0.1685825975
0.1664795218
0.1585398947
0.1557333405
0.1527551327
0.1471015548
0.1387604827
0.1276212965
0.1266481711
0.1202483599
0.1178548696
0.1127284208
0.1113773686
0.0896046185
0.0892090230
0.0888220791
0.0787148397
0.0779132920
0.0732625813
0.0695927142
0.0671929743
0.0664518972
0.0663536917
0.0660949754
0.0657276818
0.0527360934
0.0336035816
0.0301789136
0.0247018755
0.0193631246
0.0185657307
0.0183984988
0.0096864311
-0.0082260752
-0.0110392117
-0.0131286507
-0.0140548802
-0.0338127196
-0.0396643426
-0.0415658251
-0.0440183236
-0.0515901133
-0.0785896968
-0.0800395951
-0.0875465407
-0.0882858548
-0.0887391708
-0.0996658534
-0.1089551909
-0.1154074687
-0.1223188700
-0.1240595392
-0.1272843078
-0.1350469637
-0.1381361044
-0.1385020394
-0.1442942923
-0.1446822020
-0.1452561783
-0.1506493981
-0.1513880539
-0.1640423721
-0.1655865225
-0.1672815432
-0.1729693344
-0.1853184349
-0.1876914821
-0.1931202690
-0.1943204451
-0.1966522303
-0.2045287326
-0.2132185393
-0.2142370724
-0.2207964467
-0.2254370536
-0.2409521962
-0.2426923663
-0.2427048053
-0.2430111669
-0.2464170012
-0.2612019849
-0.2662366440
-0.2667126477
-0.2675221191
-0.2777204755
-0.2923807352
-0.2942588341
-0.2998256381
-0.3005643469
-0.3046679762
-0.3070229770
-0.3088263938
-0.3155153778
-0.3238475065
-0.3267924391
-0.3269984167
-0.3290907295
-0.3403218672
-0.3428102857
-0.3438996100
-0.3483413430
-0.3605026768
-0.3631829725
-0.3645275842
-0.3679891900
-0.3773035448
-0.3811796648
-0.3891017802
-0.4054191230
-0.4082953732
-0.4103009269
-0.4187267188
-0.4366251611
-0.4449979028
-0.4469075542
-0.4716479098
-0.4759236941
-0.4770767334
-0.4864763484
-0.4880879377
-0.5047388193
-0.5216180959
-0.5261822506
-0.5312501083
-0.5314553039
-0.5336490851
-0.5357037631
-0.5400859515
-0.5433297209
-0.5435576845
-0.5582822322
-0.5585778264
-0.5599848067
-0.5609180058
-0.5629054269
-0.5749987385
-0.5823339099
-0.5831270092
-0.5894076288
-0.5908615578
-0.5923484468
-0.6027338339
-0.6220081048
-0.6238939460
-0.6326541576
-0.6420594388
-0.6439611737
-0.6672115053
-0.7160602970
-0.7162098745
-0.7409523927
-0.7447025779
-0.7493661218
-0.7524343638
-0.7555282083
-0.7640270713
-0.7650198708
-0.7720797070
-0.7748553597
-0.7774188194
-0.7824426135
-0.7895765649
-0.8028812790
-0.8033758369
-0.8164729391
-0.8255006748
-0.8258160670
-0.8302975029
-0.8314948039
-0.8461705532
-0.8514775743
-0.8636275450
-0.8685334412
-0.8738063316
-0.8747804744
-0.8802112092
-0.9451871184
-0.9466770626
-0.9513350125
-0.9605604368
-0.9699620907
-0.9871047512
-0.9993042448
-1.0230835488
-1.0488443926
-1.0584245310
-1.0647846037
-1.0721732464
-1.0729591142
-1.0739280969
-1.0782648219
-1.0838092775
-1.1127921150
-1.1178300014
-1.1226338257
-1.1245349856
-1.1380360242
-1.1422855499
-1.2291303241
-1.2325988193
-1.2420157100
-1.2455626142
-1.2517962683
-1.2583665082
-1.3116254524
-1.3165351598
-1.3175770651
-1.3181680577
-1.3260981610
-1.3264305766
-1.3283372365
-1.3325433908
-1.3664658336
-1.3685162755
-1.3748256670
-1.3804512495
-1.4600660199
-1.4609438527
-1.5172266487
-1.5178473442
-1.5760662432
-1.5810107128
-1.5811465344
-1.5815599361
-1.5828849064
-1.5835257534
-1.5842326545
-1.5854063053
-1.5860097738
-1.5873638852
-1.6217875087
-1.6277429235
-1.7719318499
-1.7773198352
-1.7780153070
-1.7825558775
-1.8466762272
-1.8510229620
-1.8760642145
-1.8765305393
-1.8859158908
-1.8884702229
-1.8995844114
-1.9000116853
-1.9654095406
-1.9663874901
-1.9694142125
-1.9706317738
-2.0852087662
-2.0852405703
-2.1075734354
-2.1083104958
-2.1329168445
-2.1331920579
-2.2623417226
-2.2646106676
-2.2646505730
-2.2648975527
-2.3658925206
-2.3670243283
-2.4024500394
-2.4033646587
-2.6253262459
-2.6255712609
-2.6258850813
-2.6264433544
-3.1060877538
-3.1060919429
-3.1063188529
-3.1063223156
-4.1272235607
-4.1272289193
