Got input.Nx = 3
Got input.Ny = 3
Got input.hx = -1.1
args = 
Args: (only showing overrides of global args)
Nx=3
Ny=3
hx=-1.1

Using approx/svd conversion of AutoMPO->MPO

 checking point after Hqa
Eigenvalues: 

5.3029568218
4.6256232015
4.6106888400
4.3911360823
4.3527626710
4.2935958373
4.0197775586
3.8817703021
3.8713062254
3.8012645739
3.7159537719
3.7156883626
3.6744241264
3.5896567551
3.5419207538
3.5308748107
3.4611017291
3.4422579934
3.4328460454
3.3861114846
3.3551943585
3.3506969112
3.2654374270
3.2480944955
3.1931379296
3.0601324249
3.0560364748
3.0271498119
2.9938403972
2.9733901043
2.9709927942
2.9236513783
2.8773490942
2.8443565705
2.8224659555
2.7933056066
2.7690834028
2.7524416910
2.7221073846
2.7106326068
2.7102747914
2.6898178305
2.6421978318
2.6292920140
2.6158646044
2.6032256978
2.5910433482
2.5850444274
2.5558317436
2.5535669295
2.5401087905
2.5197919469
2.4823552852
2.4711036047
2.4535891791
2.4240931477
2.4111689856
2.3930025433
2.3643232736
2.3578719164
2.3526939089
2.3361508046
2.3322740313
2.3160908825
2.2276667200
2.2246328506
2.2114070669
2.2027360451
2.1763431040
2.1713015137
2.1626048351
2.1289903142
2.1241109556
2.1009311970
2.0697810342
2.0680980020
2.0335732894
2.0190657053
2.0042956601
1.9716757530
1.9650311106
1.9601847229
1.9198996672
1.9105825528
1.8950862760
1.8893632066
1.8791031640
1.8498023272
1.8450586751
1.8257237695
1.8213612973
1.7803203718
1.7658485719
1.7500477870
1.7491751352
1.7451278210
1.7411988447
1.7169345393
1.7149600422
1.6983499100
1.6922638805
1.6916943699
1.6478273559
1.6442488452
1.6357259438
1.6237685475
1.5945961713
1.5935404179
1.5846868921
1.5668945532
1.5665743226
1.5556957549
1.5466635150
1.5432467022
1.5365692023
1.5108891692
1.5029092419
1.5013369252
1.4977655916
1.4757909792
1.4613924418
1.4464129172
1.4409019942
1.4349234492
1.4319607995
1.4083748152
1.4075468332
1.4060620317
1.3964526338
1.3829984135
1.3561847357
1.3551801670
1.3283126551
1.3155021207
1.3076366727
1.2957564253
1.2559021620
1.2541662851
1.2305254671
1.2300369384
1.2206658157
1.2188700795
1.1858772250
1.1847250704
1.1780522059
1.1652500454
1.1523498207
1.1493733563
1.1323616174
1.1163119560
1.1127018183
1.0989124012
1.0898308742
1.0823549963
1.0628996497
1.0561364944
1.0233677603
1.0183372530
1.0181743586
1.0123607271
0.9975321266
0.9927267245
0.9711924034
0.9633143713
0.9560534802
0.9272701012
0.9133550477
0.9073449260
0.8980621434
0.8961379182
0.8800218161
0.8737071248
0.8614715742
0.8541732186
0.8290993904
0.8171849425
0.8111837777
0.7816668072
0.7814245770
0.7807531977
0.7646869063
0.7544479911
0.7422846280
0.7401806170
0.7369930549
0.7260598864
0.7162594484
0.7158060082
0.6910589591
0.6877993882
0.6717169358
0.6550618438
0.6546267380
0.6499196017
0.6446086072
0.6277639817
0.6201041860
0.6088417619
0.5901236396
0.5824736296
0.5651642246
0.5572791659
0.5484312432
0.5292374670
0.5276692231
0.5245443555
0.5220185467
0.5152093562
0.5136138566
0.4939869802
0.4927062644
0.4838167126
0.4770331043
0.4722365546
0.4578182514
0.4503166990
0.4336831071
0.4213857175
0.4128405882
0.4051005642
0.3951860453
0.3693973697
0.3615624107
0.3531426531
0.3482174236
0.3447733423
0.3258852603
0.3200905926
0.2872911661
0.2824791817
0.2822696008
0.2779243161
0.2760109390
0.2718726603
0.2571746305
0.2509099671
0.2490869306
0.2481211862
0.2364923945
0.1879800701
0.1844090613
0.1729259372
0.1620796439
0.1599387205
0.1466773748
0.1428358356
0.1368235429
0.1273355559
0.1126929682
0.1038819229
0.0899318609
0.0894791463
0.0704827202
0.0688252311
0.0372882669
0.0336232036
0.0315216599
0.0231302788
0.0229419481
0.0107031625
-0.0148110869
-0.0194477300
-0.0290994265
-0.0311056859
-0.0630978144
-0.0784164026
-0.0789630949
-0.0885404800
-0.0935524430
-0.0966071806
-0.1025722655
-0.1035464602
-0.1139929340
-0.1155699488
-0.1289998919
-0.1617400816
-0.1683760038
-0.1815968115
-0.1896434842
-0.2027825387
-0.2057851170
-0.2133589710
-0.2259277760
-0.2280694884
-0.2305981403
-0.2319710755
-0.2337458659
-0.2443411485
-0.2489776756
-0.2774618103
-0.3115153885
-0.3140097090
-0.3472457501
-0.3479310150
-0.3487693440
-0.3510176146
-0.3628795414
-0.3761695060
-0.3972365831
-0.3985405273
-0.4019042945
-0.4150521003
-0.4170507879
-0.4437002528
-0.4488434850
-0.4516702244
-0.4662060244
-0.4741325178
-0.4860375737
-0.4942013764
-0.5006458681
-0.5054067798
-0.5073594533
-0.5287476796
-0.5471014145
-0.5504896153
-0.5721753394
-0.5797302753
-0.5875140805
-0.5887020796
-0.5936755506
-0.5970202470
-0.5974234007
-0.6174854585
-0.6313676822
-0.6699693633
-0.6726953539
-0.6755395555
-0.6946622145
-0.7051421144
-0.7138902831
-0.7252182704
-0.7279466779
-0.7335959451
-0.7637353923
-0.7666297771
-0.7836793445
-0.7844580288
-0.7956682789
-0.7997476959
-0.8035898491
-0.8166254739
-0.8208585669
-0.8313820604
-0.8475685525
-0.8722834911
-0.9014491804
-0.9030374273
-0.9092334481
-0.9155190042
-0.9289276728
-0.9368654301
-0.9451105519
-0.9832380936
-0.9868304828
-1.0018620345
-1.0150764341
-1.0260545270
-1.0267348433
-1.0308680746
-1.0341527471
-1.0695336708
-1.0762229682
-1.0841588526
-1.0970980912
-1.0985240257
-1.0995350432
-1.1264144917
-1.1389111041
-1.1467258749
-1.1639461232
-1.1803264242
-1.1851713243
-1.1914504732
-1.2265980028
-1.2362915710
-1.2500046193
-1.2653242392
-1.2959505655
-1.2987615569
-1.2990214440
-1.3011682842
-1.3020150855
-1.3175955523
-1.3252205279
-1.3295920853
-1.3298026261
-1.3566400516
-1.3810821332
-1.3891904892
-1.3915187361
-1.3964442164
-1.4472784501
-1.4490640902
-1.4565749165
-1.4674505180
-1.4832614704
-1.4884313080
-1.5025671674
-1.5101843322
-1.5159538605
-1.5273029940
-1.5427284866
-1.5427614580
-1.5438023977
-1.5512987883
-1.5785072284
-1.6013268921
-1.6370223165
-1.6525436104
-1.6650972399
-1.6706345054
-1.6711233524
-1.6733517213
-1.6835825249
-1.7144129522
-1.7248189245
-1.7284531089
-1.7774910927
-1.7879919457
-1.8029812502
-1.8048440026
-1.8158635721
-1.8196195862
-1.8200765420
-1.8700032171
-1.8754462252
-1.8910494534
-1.8963516364
-1.9282920520
-1.9470517353
-1.9917805430
-1.9983334925
-2.0325559404
-2.0523758924
-2.0631067914
-2.0963645038
-2.1040311859
-2.1399608673
-2.1684229133
-2.1761046039
-2.2020864941
-2.2339633082
-2.2380870439
-2.2473289827
-2.2575005234
-2.2763804838
-2.2904014819
-2.2932372826
-2.3000862553
-2.3590893755
-2.3904895377
-2.4060103242
-2.4218755507
-2.4226642270
-2.4260033593
-2.4333795875
-2.4778874669
-2.5344549473
-2.5353530644
-2.5459730460
-2.5872092227
-2.6170494221
-2.6349883675
-2.6408587414
-2.6587629703
-2.6748821019
-2.6880046261
-2.6943143425
-2.7327210346
-2.7560616396
-2.7934817026
-2.8048521551
-2.8211141101
-2.8655259939
-2.8716230216
-2.8806575188
-2.9009497885
-2.9438959286
-2.9803354658
-2.9838230215
-2.9938938096
-3.0365528454
-3.1167834439
-3.1785856179
-3.1795706180
-3.1941830014
-3.1960697653
-3.2421036880
-3.3633146107
-3.3689454168
-3.4728825752
-3.5370210801
-3.6310651484
-3.6330084924
-3.7804292008
-3.8207833911
-3.8462437271
-3.8826119732
-3.9097356226
-4.0056450957
-4.0093352405
-4.0719939825
-4.1478530458
-4.1774519718
-4.3525007666
-4.4307711346
-4.4581048950
-4.7412602559
-4.7509739752
-5.6219583668
-5.7458058293
