Got input.Nx = 3
Got input.Ny = 3
Got input.hx = -3.5
args = 
Args: (only showing overrides of global args)
Nx=3
Ny=3
hx=-3.5

Using approx/svd conversion of AutoMPO->MPO

 checking point after Hqa
Eigenvalues: 

15.8797970761
12.8529437085
12.8429935062
12.6561193232
12.5940886140
12.5721566408
12.2402231512
12.0905934358
11.8674116932
11.4671640185
9.7423508188
9.6971393426
9.6348809148
9.5636740435
9.4897336044
9.4413815911
9.4359749600
9.3913871115
9.3605812621
9.2823376904
9.2250732685
9.2236508339
9.1960322345
9.1252693629
9.1003728313
8.9358543112
8.9331347246
8.9235483831
8.8342329094
8.8229915359
8.7981784779
8.7293492421
8.6693621570
8.5620905376
8.5605115094
8.4654966717
8.4535350324
8.4470932086
8.3921616120
8.2834484351
8.1061251617
8.1048435828
7.9350603034
7.9192535325
7.6861760450
7.2792539219
6.5252991619
6.4292645115
6.3453014308
6.2960892983
6.2941914069
6.2692662648
6.2399533541
6.1607878993
6.1587437385
6.1079543218
6.1078233358
6.0480457512
6.0325176955
6.0069319005
5.9972200434
5.9780294254
5.9422756132
5.9405938173
5.9162175125
5.8980356002
5.8719851358
5.8714260745
5.7631172967
5.7627553753
5.7598448510
5.7309662513
5.6709118974
5.6644701437
5.6484915193
5.6483390611
5.5837571219
5.5833912108
5.5777101975
5.5279549301
5.4939787085
5.4813189432
5.4533708807
5.4096881023
5.4081521430
5.4075332000
5.3757150784
5.3745741726
5.3504059071
5.3171665742
5.3033235871
5.2811298884
5.2576371346
5.2527373151
5.2423747044
5.2224552822
5.1864159626
5.1683310222
5.1470729773
5.1278007190
5.0946955449
5.0601848157
4.9986665257
4.9977714155
4.9973349123
4.9436621269
4.9198835533
4.9113926262
4.8884621310
4.8559080620
4.8253411855
4.7528108724
4.6925800227
4.6616108933
4.6553574965
4.6249220937
4.6026753884
4.5752507645
4.5012000766
4.4761186662
4.3615596735
4.3100985522
4.2716480452
4.2063349086
4.1685664468
4.1119620120
3.9788363782
3.9235332796
3.7354334908
3.2871195734
3.1745473425
3.0129046322
2.9370077200
2.9203676700
2.8926998181
2.8706909486
2.8285553059
2.7846053055
2.7795707363
2.7792914404
2.7453210829
2.7199047888
2.7028857801
2.6749125050
2.6570296777
2.6539794975
2.6476887562
2.5881144135
2.5811800172
2.5808241317
2.5752477019
2.5437267454
2.5027357906
2.4792508586
2.4456151173
2.4304037631
2.3994106322
2.3839645864
2.3681743060
2.3564147391
2.3413918093
2.3315187110
2.2822294463
2.2767128920
2.2372072472
2.2344342060
2.2128524662
2.2101681491
2.2073197048
2.1879240805
2.1854780639
2.1614403530
2.1157002930
2.0947912592
2.0863364328
2.0710551210
2.0521249066
2.0479370846
2.0321787390
2.0052673405
1.9983715689
1.9968497845
1.9705938875
1.9611487030
1.9459385789
1.9322870812
1.9112189582
1.9050907856
1.8982815333
1.8941132432
1.8912363904
1.8911410156
1.8568273944
1.8459175582
1.8314404490
1.8095623430
1.7949213483
1.7937871426
1.7745389190
1.7542014180
1.7426463005
1.7392821762
1.7105466305
1.6884125597
1.6736860562
1.6657058262
1.6484557662
1.6451790059
1.6258355780
1.5853065554
1.5746552075
1.5380973831
1.5271439586
1.5181289653
1.4967878126
1.4871124739
1.4411576791
1.4363484762
1.4267831075
1.4245170592
1.4006568523
1.3525911892
1.3058993516
1.2993462662
1.2890713703
1.2845436923
1.2371868076
1.1987890903
1.1976321865
1.0963245124
1.0955245086
1.0885830057
1.0612878759
1.0393465763
1.0174618825
1.0115297684
0.9911430956
0.9765296838
0.9159766048
0.8989925821
0.8666365999
0.8466294645
0.7798275161
0.7514038897
0.7344385746
0.6046441817
0.5906691867
0.5677971990
0.5365178702
0.4627573519
0.4171384735
0.4010486624
0.2058890169
0.1213719646
-0.0741367536
-0.3560713536
-0.4969593487
-0.5247007557
-0.5756047624
-0.6181894124
-0.6250608459
-0.6417211878
-0.6693068569
-0.7147940576
-0.7416416948
-0.7425620291
-0.7912319517
-0.8267474627
-0.8291066915
-0.8349551005
-0.8476357371
-0.8711301078
-0.8897483829
-0.8994534812
-0.9550668089
-0.9564346475
-0.9661819062
-0.9972966786
-1.0187696939
-1.0464729002
-1.0767425769
-1.0956660911
-1.1272916034
-1.1362092491
-1.1406374662
-1.1642176306
-1.1711998731
-1.1935931646
-1.2453805805
-1.2637347469
-1.2746210500
-1.2789160168
-1.2953951852
-1.3042631955
-1.3183681270
-1.3352375648
-1.3516870676
-1.3733337719
-1.4087602800
-1.4298278399
-1.4313154667
-1.4339224842
-1.4832018211
-1.4890433058
-1.5036672964
-1.5120649237
-1.5221080817
-1.5297077213
-1.5472817380
-1.5723522668
-1.5780833028
-1.5903780018
-1.5923917657
-1.6002225948
-1.6303194731
-1.6329460894
-1.6383098239
-1.6472018336
-1.6662285989
-1.6762806649
-1.7121435231
-1.7173656299
-1.7373048873
-1.7412018959
-1.7443360867
-1.7689276101
-1.7735420345
-1.7982677091
-1.8047076666
-1.8364434490
-1.8571269424
-1.8719899720
-1.8749758188
-1.8948675287
-1.8985370781
-1.9469854109
-1.9719662843
-1.9873089455
-2.0124110419
-2.0126705776
-2.0217424559
-2.0238540038
-2.0636965469
-2.0955809814
-2.1136463355
-2.1229099489
-2.1550739033
-2.1933297868
-2.2243218372
-2.2279199097
-2.2384709248
-2.2415878116
-2.3121276231
-2.3170405674
-2.3535506092
-2.4326562047
-2.4397622955
-2.4685979850
-2.4915147277
-2.5112261974
-2.5377331597
-2.5503954333
-2.5817034883
-2.5828669224
-2.6014135316
-2.6479180746
-2.6810990180
-2.7224144002
-2.7601747743
-2.8321241408
-2.8393518078
-2.9193334790
-2.9219252582
-2.9410363390
-3.0084433834
-3.1199872620
-3.1234738736
-3.1517837674
-3.3596076713
-3.4544465091
-3.6519580979
-4.0752528332
-4.0821912370
-4.1474238068
-4.2240266478
-4.2513103682
-4.2723121355
-4.2909323210
-4.3308284887
-4.4254025045
-4.4299993836
-4.4394946472
-4.4686298754
-4.5247763756
-4.5408244497
-4.5754017055
-4.5804809007
-4.6034477542
-4.6208185610
-4.6360274425
-4.6408198888
-4.6500742570
-4.7273886654
-4.7354606037
-4.7886105883
-4.7984582974
-4.8263931051
-4.8267710272
-4.8488824830
-4.9058926164
-4.9215051312
-4.9294285598
-4.9888137270
-4.9890024364
-5.0054690660
-5.0474553458
-5.0681111531
-5.0845547194
-5.1004057688
-5.1646193462
-5.1751178264
-5.1856207662
-5.2005871673
-5.2127806377
-5.2128408414
-5.2654141586
-5.2817687718
-5.2911700715
-5.2970425551
-5.2983974818
-5.3495889195
-5.3854808376
-5.4145860574
-5.4161849697
-5.4420734428
-5.4441882770
-5.5023576985
-5.5391821548
-5.5718910757
-5.6088890692
-5.6332600322
-5.6810690563
-5.7091037052
-5.7275020806
-5.7416882053
-5.7626316613
-5.7882283261
-5.8758133116
-5.8960382993
-5.8965809798
-5.9647055096
-6.0133488052
-6.0270058638
-6.0504324727
-6.1232078577
-6.1987512624
-6.3451720408
-6.3520983211
-6.3747516782
-6.4071404844
-6.4486864940
-6.5164148689
-6.6891182444
-6.7792447736
-6.9664407112
-7.4604513350
-7.9201074522
-7.9409086434
-7.9931625326
-8.0748709462
-8.1308711803
-8.1816189653
-8.1898998195
-8.2030077035
-8.2586680479
-8.3463224712
-8.3947568632
-8.4301771099
-8.4302754027
-8.5101131580
-8.5156287522
-8.6654761300
-8.6781564071
-8.7084675551
-8.7987769819
-8.8121622586
-8.8278022150
-8.8902099556
-8.9854425145
-9.0527096005
-9.0680582096
-9.1748873659
-9.2499066281
-9.2981995875
-9.3274583791
-9.4896974928
-9.5857552407
-9.5896800732
-9.7894288634
-9.8207702118
-10.0741137615
-10.5912514403
-11.8592615758
-11.8760734895
-12.0333909823
-12.0916445954
-12.1183683962
-12.4540860659
-12.5947045091
-12.8706901556
-13.4420038734
-15.9115939374
