Got input.Nx = 3
Got input.Ny = 3
Got input.hx = -1.3
args = 
Args: (only showing overrides of global args)
Nx=3
Ny=3
hx=-1.3

Using approx/svd conversion of AutoMPO->MPO

 checking point after Hqa
Eigenvalues: 

6.1579713515
5.2917484897
5.2762621111
5.0647421733
5.0210936038
4.9691279161
4.6799012772
4.5392501003
4.3602996713
4.3452362828
4.2810269711
4.2020256944
4.1522754424
4.0689689900
4.0529452243
4.0209045582
4.0116562587
3.9471198042
3.9267470208
3.8649283601
3.8286048120
3.8245016916
3.7511701817
3.7223584382
3.6728120271
3.5292047535
3.5284606823
3.5059186703
3.4441574568
3.4392977473
3.3929415709
3.3176252492
3.2890682425
3.2824316670
3.2172345609
3.1842083794
3.1692150967
3.1078974873
3.0907791191
3.0844547381
3.0547176164
3.0482472910
3.0427622537
3.0095133373
3.0000660436
2.9848931096
2.9808291977
2.9071556457
2.8972391782
2.8484681081
2.8415583689
2.8074903343
2.7796697076
2.7783411480
2.7680964205
2.7639249021
2.7430644422
2.7156047441
2.6962725325
2.6823882135
2.6499998442
2.6459791453
2.6454270873
2.6375497734
2.6140573796
2.6115059733
2.5134978337
2.5118832080
2.4938928532
2.4631155424
2.4412392823
2.4332172556
2.4108437314
2.4026320737
2.3902947638
2.3556862829
2.3479015125
2.3198810810
2.2876492027
2.2512721434
2.2484793807
2.2035680139
2.1879344626
2.1763691465
2.1647032680
2.1613537893
2.1320370505
2.1236797465
2.1203547324
2.0996916872
2.0697951602
2.0559580588
2.0418102652
2.0270441164
2.0237499926
2.0028033934
1.9787976069
1.9771905104
1.9252314036
1.9178615712
1.9118076225
1.9092980574
1.8712682406
1.8616459962
1.8370349581
1.8272140388
1.8094091622
1.7987239877
1.7809183377
1.7731399857
1.7544348973
1.7269556785
1.7092562070
1.7059157719
1.7003587054
1.6902145467
1.6793113869
1.6724471546
1.6715307766
1.6644489009
1.6513128794
1.6427503513
1.6226509461
1.6118883236
1.5976056930
1.5760402209
1.5711971089
1.5476871972
1.5460593310
1.5034477789
1.5029255018
1.4908393142
1.4862940674
1.4843319349
1.4781752341
1.4631573242
1.4488482643
1.4379746572
1.4126368508
1.4085883133
1.3936550670
1.3793997245
1.3541663743
1.3495434232
1.3453828953
1.3215847039
1.3182330592
1.2803804203
1.2785958751
1.2661793708
1.2545351794
1.2506020277
1.2313587051
1.2086164989
1.1925410145
1.1890439334
1.1686240870
1.1509331846
1.1504697976
1.1218137202
1.1126260811
1.1125365214
1.0998200860
1.0932097389
1.0723910449
1.0717869615
1.0540411353
1.0194929300
1.0185240130
1.0037072401
0.9893808355
0.9878186233
0.9850998328
0.9731177041
0.9637307554
0.9473015362
0.9415231384
0.9087383486
0.9043881930
0.8794671981
0.8714684656
0.8659695698
0.8644096905
0.8536786948
0.8348351051
0.8333902548
0.8217483187
0.8113687027
0.8060290839
0.7948843929
0.7744457950
0.7529732253
0.7519505923
0.7508703775
0.7162941182
0.7146550283
0.7074027619
0.6860540706
0.6781152057
0.6533045256
0.6495771932
0.6392563696
0.6290443954
0.6203020679
0.6167019075
0.5923671907
0.5801242320
0.5748499544
0.5594809403
0.5413603159
0.5116920843
0.5009415928
0.4956755225
0.4811175642
0.4508975237
0.4409892210
0.4401462489
0.4356321588
0.4329253390
0.4270466376
0.4168657889
0.4026770623
0.3725652699
0.3696879268
0.3665144142
0.3567406478
0.3536899209
0.3533744915
0.3406730770
0.3218228519
0.3128707899
0.3123966331
0.2724625250
0.2553071589
0.2531028100
0.2493850509
0.2436942258
0.2278715788
0.2222276078
0.2021232164
0.1894802087
0.1798178679
0.1716134132
0.1699501746
0.1698909233
0.1678339054
0.1151968606
0.1030862720
0.1006868437
0.0948203802
0.0776510630
0.0665083851
0.0524719294
0.0514117222
0.0443883662
0.0385831003
0.0091902741
-0.0006051207
-0.0039809855
-0.0077460954
-0.0156186524
-0.0211332809
-0.0273988994
-0.0467370149
-0.0538274304
-0.0560864965
-0.0653020867
-0.0971379403
-0.1025055050
-0.1459081445
-0.1466721163
-0.1524314207
-0.1539285440
-0.1632294161
-0.1728981357
-0.1811263601
-0.1881153967
-0.1902076409
-0.2076893080
-0.2126547713
-0.2318737662
-0.2437165918
-0.2512906652
-0.2690870584
-0.2824022224
-0.2840660260
-0.3099355165
-0.3118316120
-0.3309676292
-0.3339832557
-0.3471881599
-0.3593081212
-0.3967015319
-0.4031472950
-0.4064170550
-0.4336567530
-0.4413575168
-0.4459218520
-0.4520858929
-0.4556723447
-0.4704964922
-0.4762440897
-0.4824855235
-0.4951934087
-0.4957108230
-0.5032846841
-0.5095949493
-0.5382615143
-0.5443436834
-0.5590409891
-0.5623599317
-0.5626269186
-0.5670536671
-0.5747546001
-0.5902252385
-0.6064241407
-0.6227496319
-0.6377663083
-0.6660810814
-0.6733816982
-0.6785026050
-0.6888201664
-0.6897217861
-0.7089944624
-0.7339564651
-0.7386996488
-0.7626195693
-0.7690998527
-0.7756434690
-0.7864354981
-0.8134337684
-0.8186388730
-0.8282344603
-0.8750731396
-0.8848751534
-0.8957729652
-0.9046472918
-0.9108625357
-0.9227152964
-0.9303376626
-0.9481787349
-0.9561294742
-0.9630133519
-0.9964513889
-1.0124377457
-1.0206930418
-1.0217334532
-1.0219744188
-1.0458162946
-1.0502086012
-1.0864780349
-1.1044782292
-1.1068305100
-1.1305424185
-1.1311124873
-1.1366588240
-1.1663023930
-1.1711263584
-1.2111278961
-1.2370879532
-1.2420621629
-1.2450264740
-1.2499607985
-1.2630643178
-1.2648676724
-1.2928446867
-1.2999966116
-1.3251312182
-1.3298678042
-1.3348362433
-1.3643251958
-1.3673206730
-1.3805669391
-1.4039916165
-1.4137182031
-1.4142190158
-1.4200989664
-1.4253892622
-1.4282971459
-1.4440877293
-1.4500745641
-1.4530887467
-1.4894420572
-1.4993730618
-1.5135128211
-1.5273608574
-1.5552357043
-1.5613090437
-1.5679110358
-1.5797770921
-1.5973516333
-1.6021327253
-1.6168919546
-1.6231413534
-1.6396963984
-1.6447911292
-1.6785120552
-1.6965027358
-1.6966849494
-1.7126966792
-1.7334433409
-1.7554234743
-1.7555861193
-1.7582539776
-1.7779032378
-1.7974780032
-1.8017477318
-1.8082982167
-1.8149526629
-1.8451883903
-1.8766797644
-1.9069011021
-1.9407009402
-1.9441736506
-1.9523721522
-1.9539280750
-1.9654624181
-1.9670089152
-1.9824856342
-2.0009258247
-2.0109654269
-2.0141622151
-2.0254646199
-2.0787020272
-2.0790138112
-2.0918601347
-2.1414256034
-2.1643895557
-2.1795979900
-2.2037864265
-2.2136329268
-2.2165234118
-2.2474690818
-2.2607646367
-2.2715105864
-2.3121972597
-2.3551418295
-2.3867206849
-2.3927142205
-2.4338634475
-2.5250423205
-2.5255149785
-2.5275248042
-2.5472734040
-2.5610272644
-2.5948932748
-2.6099369588
-2.6240849264
-2.6348086345
-2.6452186604
-2.6622852789
-2.6864791454
-2.6943793500
-2.7284228516
-2.7963068208
-2.8181434989
-2.8380096357
-2.8503955237
-2.8524554471
-2.8741032495
-2.8926622682
-2.8981166590
-2.9126018995
-2.9410443702
-2.9836848705
-2.9962439653
-3.0656249452
-3.0903089655
-3.1120024802
-3.1133907458
-3.1206996200
-3.1464196290
-3.1663376642
-3.1696963976
-3.1857919416
-3.2328891247
-3.2659793631
-3.2788011103
-3.3140819341
-3.3490792002
-3.4290411734
-3.4511903510
-3.4816199993
-3.4822293972
-3.5272390866
-3.5344193074
-3.6325555246
-3.6457387106
-3.6942338098
-3.7032921962
-3.8145021565
-3.9253804391
-3.9984716098
-4.0596555383
-4.0859980456
-4.2381273056
-4.2487032435
-4.2816088177
-4.4464366194
-4.4576934135
-4.4725400356
-4.5730513796
-4.6218303063
-4.6302318551
-4.7388147227
-4.7889520721
-5.0311002237
-5.0728721021
-5.2581191742
-5.3844263889
-6.1845720669
-6.4520472577
