Got input.Nx = 3
Got input.Ny = 3
Got input.hx = -3.1
args = 
Args: (only showing overrides of global args)
Nx=3
Ny=3
hx=-3.1

Using approx/svd conversion of AutoMPO->MPO

 checking point after Hqa
Eigenvalues: 

14.0949431717
11.4649226185
11.4540968602
11.2656088414
11.2049864327
11.1804679105
10.8511949858
10.7020875233
10.4823330454
10.0902681908
8.7510516109
8.7044231197
8.6411609371
8.5711985554
8.4962914354
8.4479678623
8.4424323204
8.3961823460
8.3664699994
8.2892868233
8.2336677388
8.2320214771
8.2006884572
8.1332292476
8.1062395279
7.9428339657
7.9388504765
7.9316362032
7.8430672752
7.8321581712
7.8047417772
7.7362755240
7.6787831839
7.5715318649
7.5693319439
7.4791073746
7.4612582940
7.4587713154
7.4050095297
7.2995731536
7.1188671612
7.1175889814
6.9507655441
6.9333298510
6.7038196589
6.3042225406
5.9304913554
5.8329895293
5.7488064883
5.7004359591
5.6960270857
5.6714550540
5.6436142055
5.5650727258
5.5628137315
5.5116911716
5.5104651280
5.4531988029
5.4353802653
5.4122270767
5.4013048753
5.3814208069
5.3455818178
5.3451421300
5.3193115999
5.2998810672
5.2781620335
5.2764624549
5.1670166348
5.1653060171
5.1643227886
5.1337726443
5.0760269978
5.0658620198
5.0531363916
5.0520522611
4.9895440856
4.9883941009
4.9811130046
4.9327125799
4.8979489068
4.8865899866
4.8566624738
4.8156426405
4.8128970548
4.8121408882
4.7824602471
4.7796048434
4.7545693157
4.7238867137
4.7078258988
4.6860398415
4.6614249703
4.6570133897
4.6461262396
4.6280128219
4.5942477717
4.5722298833
4.5526252175
4.5311841263
4.5024761126
4.4673325755
4.4075939746
4.4040388265
4.4036533116
4.3477640844
4.3278089412
4.3195946786
4.2965796458
4.2644990530
4.2318290282
4.1616722769
4.0988196361
4.0718082010
4.0607107300
4.0350388742
4.0106254098
3.9822528785
3.9097731274
3.8883851987
3.7757191737
3.7224626041
3.6836706305
3.6177023300
3.5771199411
3.5229316117
3.3915060003
3.3391785258
3.1514179869
2.9752754020
2.8143992482
2.7370460972
2.7222347349
2.7091164870
2.6934104417
2.6704198104
2.6275702311
2.5838607314
2.5802584107
2.5798004446
2.5466634296
2.5224767534
2.5042152712
2.4768168810
2.4565602480
2.4534552595
2.4497834836
2.3865214493
2.3832353608
2.3828131208
2.3765055462
2.3448745203
2.3036349978
2.2805358902
2.2464908475
2.2319863099
2.2014145029
2.1840245223
2.1682220947
2.1580012998
2.1424995812
2.1314586964
2.0847456334
2.0779058515
2.0380603183
2.0361659687
2.0140629707
2.0105298162
2.0071892477
1.9887647915
1.9875562772
1.9630449426
1.9188096053
1.8952803572
1.8887769565
1.8718552602
1.8537672403
1.8514101728
1.8340995413
1.8075747235
1.8012776952
1.7981058448
1.7717410688
1.7640794014
1.7454431330
1.7329921338
1.7122365728
1.7078560047
1.7004720893
1.6978287335
1.6921455207
1.6911067324
1.6564812015
1.6463663507
1.6339719056
1.6140781014
1.5966992118
1.5959485582
1.5777775497
1.5532963899
1.5433367329
1.5385550348
1.5122005037
1.4901227076
1.4768164058
1.4684627756
1.4506282108
1.4472816765
1.4278073912
1.3895296816
1.3758968257
1.3425965078
1.3284678808
1.3200767923
1.2979984835
1.2888108341
1.2413707493
1.2385012204
1.2305538240
1.2277683482
1.2039757189
1.1580382380
1.1061375205
1.1026121098
1.0928207493
1.0870404934
1.0389850979
1.0040737129
0.9978720417
0.9003772290
0.9001298761
0.8949601917
0.8665236186
0.8430760728
0.8208892264
0.8175635860
0.7980291922
0.7817366091
0.7163295483
0.7024668980
0.6711015869
0.6520683762
0.5900087073
0.5544072669
0.5424875011
0.4117760727
0.3961342790
0.3705370296
0.3390658474
0.2727047512
0.2227572053
0.2073944991
0.0141316483
-0.0680960739
-0.1594002843
-0.2627687965
-0.3282668379
-0.3773020041
-0.4212893352
-0.4268276925
-0.4434739585
-0.4701340868
-0.5157730760
-0.5442006729
-0.5442982437
-0.5946353780
-0.6285364932
-0.6285783361
-0.6396694295
-0.6495155786
-0.6745262755
-0.6822864031
-0.6925149119
-0.6995934819
-0.7577345448
-0.7592720848
-0.7704293704
-0.8011392937
-0.8205776695
-0.8488239534
-0.8789357899
-0.8974574436
-0.9287968834
-0.9383108670
-0.9418569569
-0.9658058268
-0.9720750231
-0.9969594095
-1.0472035078
-1.0671084545
-1.0754378952
-1.0795189357
-1.0959395801
-1.1060538111
-1.1207590741
-1.1373656900
-1.1543088814
-1.1760002227
-1.2087630423
-1.2310756717
-1.2321340137
-1.2343090784
-1.2839023157
-1.2924463164
-1.3036007730
-1.3153616332
-1.3235007203
-1.3313362845
-1.3489339000
-1.3734653328
-1.3791879689
-1.3924025136
-1.3939409560
-1.4002208001
-1.4317317163
-1.4348387859
-1.4406548219
-1.4485429449
-1.4675122922
-1.4807363166
-1.5118802286
-1.5204875405
-1.5377879178
-1.5439528351
-1.5457225742
-1.5699079211
-1.5763503428
-1.5980183850
-1.6108630899
-1.6371392662
-1.6582729959
-1.6745926855
-1.6755353641
-1.6979335661
-1.6999471293
-1.7487510247
-1.7744281404
-1.7879538787
-1.8120389433
-1.8145054534
-1.8221104400
-1.8272293098
-1.8649795792
-1.8976176823
-1.9149772281
-1.9242564524
-1.9592001641
-1.9935589677
-2.0282882719
-2.0289197996
-2.0383562252
-2.0427044036
-2.1163459629
-2.1189750676
-2.1550801068
-2.2308255645
-2.2398091150
-2.2728249407
-2.2937515911
-2.3131807215
-2.3394574480
-2.3508973712
-2.3825608689
-2.3857859153
-2.4055629173
-2.4501272821
-2.4834118758
-2.5255958142
-2.5588033631
-2.6354544116
-2.6391182904
-2.7152787273
-2.7209621843
-2.7399779766
-2.8107126309
-2.9192273827
-2.9237174525
-2.9526597930
-3.1596296893
-3.2531558346
-3.4497398373
-3.4833527098
-3.5539194115
-3.6297529242
-3.6556609496
-3.6761257892
-3.6979729200
-3.7366164598
-3.8325834921
-3.8374519400
-3.8434679317
-3.8747619654
-3.8776595182
-3.9294352062
-3.9471824968
-3.9805627269
-3.9864152491
-4.0110932375
-4.0262244488
-4.0388304308
-4.0471057776
-4.0559129519
-4.1353483541
-4.1430622983
-4.1932320599
-4.2027191985
-4.2315975660
-4.2334080575
-4.2501390948
-4.3110988765
-4.3274852405
-4.3348526999
-4.3936426551
-4.3944054928
-4.4103971738
-4.4523414072
-4.4726197744
-4.4864232776
-4.5058322722
-4.5699959814
-4.5804972691
-4.5922131154
-4.6040614831
-4.6167678850
-4.6190997766
-4.6672826714
-4.6844291770
-4.6979330157
-4.7026149621
-4.7049925363
-4.7561173612
-4.7918654275
-4.8200344959
-4.8232243867
-4.8479722907
-4.8515374353
-4.9073652128
-4.9450001325
-4.9765957174
-5.0157191885
-5.0393340005
-5.0937728414
-5.1179098988
-5.1366545433
-5.1505755000
-5.1677840533
-5.1979260863
-5.2831534294
-5.2979675898
-5.3029222316
-5.3671586555
-5.4255203943
-5.4336356753
-5.4613447448
-5.5306277712
-5.6086698900
-5.7571550073
-5.7606670282
-5.7809240145
-5.8081358670
-5.8570691730
-5.9219604705
-6.0981437856
-6.1887692421
-6.3755900357
-6.8681221829
-6.9329242873
-6.9517596860
-7.0038109207
-7.0854520778
-7.1406222443
-7.1915776843
-7.2004528311
-7.2110146361
-7.2688542759
-7.3561664375
-7.4027032458
-7.4422383478
-7.4422715647
-7.5192151046
-7.5262456858
-7.6728130169
-7.6864728257
-7.7177915039
-7.8057202534
-7.8222530453
-7.8383470758
-7.8988703968
-7.9960701115
-8.0593419519
-8.0764633171
-8.1841776766
-8.2634003361
-8.3176204736
-8.3420544771
-8.5089246377
-8.5976582832
-8.6027507115
-8.8024450807
-8.8387625134
-9.0903828498
-9.6122722705
-10.4750123271
-10.4945296688
-10.6495852044
-10.7054293804
-10.7362293921
-11.0695237157
-11.2073607425
-11.4865044018
-12.0725687433
-14.1359116427
