Got input.Nx = 3
Got input.Ny = 3
Got input.hx = -2.7
args = 
Args: (only showing overrides of global args)
Nx=3
Ny=3
hx=-2.7

Using approx/svd conversion of AutoMPO->MPO

 checking point after Hqa
Eigenvalues: 

12.3141256932
10.0800644037
10.0682261388
9.8775617379
9.8187618558
9.7909664868
9.4652896727
9.3169361611
9.1016053618
8.7197885568
7.7620875607
7.7136228710
7.6489945323
7.5807417983
7.5046445224
7.4563463803
7.4505981267
7.4022375366
7.3738640909
7.2981070452
7.2446182393
7.2426761433
7.2065875011
7.1433907480
7.1137168780
6.9518829171
6.9461917789
6.9420926831
6.8544114254
6.8439665967
6.8134085425
6.7451473758
6.6909116091
6.5844319394
6.5809305619
6.4959317706
6.4737144182
6.4712355636
6.4213735678
6.3202527042
6.1354565398
6.1342082128
5.9711177157
5.9517278634
5.7268978581
5.3370185567
5.3366834971
5.2376395025
5.1532106566
5.1058649740
5.0982368590
5.0742987070
5.0482227855
4.9704410751
4.9677977100
4.9165227031
4.9136797031
4.8597626387
4.8389616760
4.8189500479
4.8064435246
4.7856597894
4.7509495179
4.7497905862
4.7231668719
4.7023360187
4.6860376683
4.6826950998
4.5720617594
4.5699836121
4.5685422059
4.5372951160
4.4827219055
4.4679138887
4.4593384346
4.4565556405
4.3975018085
4.3944398013
4.3854124902
4.3388328029
4.3031351344
4.2934387624
4.2610952959
4.2233585890
4.2198487397
4.2172346144
4.1912548500
4.1859987421
4.1603717584
4.1324988882
4.1131731361
4.0926171919
4.0671692570
4.0631394343
4.0501428425
4.0346174186
4.0046669604
3.9770717979
3.9597823501
3.9355116331
3.9128329294
3.8767522351
3.8199681170
3.8126705065
3.8102763703
3.7529756767
3.7380778238
3.7300343469
3.7071004186
3.6755070497
3.6404416853
3.5732679199
3.5071266777
3.4848234337
3.4680727750
3.4486976136
3.4208426719
3.3914998390
3.3209918872
3.3044283898
3.1941702894
3.1388357944
3.0996357245
3.0326931921
2.9888661192
2.9376533946
2.8083237958
2.7759887567
2.7599002842
2.6161949657
2.5726679321
2.5369522091
2.5245374975
2.4942746495
2.4698482221
2.4261402454
2.3828117133
2.3813830933
2.3799018057
2.3482106094
2.3256387210
2.3057876858
2.2793146622
2.2558611629
2.2527270132
2.2524362490
2.1857789236
2.1853181795
2.1843508609
2.1780097790
2.1460005946
2.1385153237
2.1047003946
2.0821648320
2.0475547657
2.0340145723
2.0039062679
1.9840054409
1.9682156950
1.9601244334
1.9437719536
1.9313723493
1.8879068391
1.8794187133
1.8392047765
1.8386615880
1.8154342699
1.8109423617
1.8069900321
1.7901661984
1.7897388030
1.7649599045
1.7228164738
1.6959614038
1.6920573315
1.6730367038
1.6558299008
1.6558065991
1.6367679026
1.6106806076
1.6054591497
1.5996173830
1.5735005592
1.5675669625
1.5447493244
1.5340151748
1.5137682209
1.5114414543
1.5032370504
1.5025317435
1.4933540966
1.4908509761
1.4559775081
1.4469243766
1.4370771198
1.4204494186
1.3989105626
1.3981931397
1.3819746706
1.3520968631
1.3442496763
1.3374975826
1.3145342923
1.2923074338
1.2811206848
1.2720438193
1.2533380791
1.2501539647
1.2304928851
1.1950257599
1.1775395705
1.1484948988
1.1302770008
1.1225597455
1.0996396527
1.0914230489
1.0417627770
1.0413241099
1.0353083703
1.0320692997
1.0083006257
0.9651419915
0.9070820628
0.9066057096
0.8978375439
0.8904417875
0.8413014319
0.8112192035
0.7982579334
0.7065028832
0.7056368250
0.7040135128
0.6736725588
0.6479256186
0.6255510011
0.6253159389
0.6073357110
0.5885356147
0.5171201935
0.5070649054
0.4772781275
0.4592757212
0.4036585491
0.3587378307
0.3533819977
0.2219154966
0.2039107181
0.1748008291
0.1426671075
0.0862344468
0.0359874537
0.0307232457
0.0163533130
-0.1331481501
-0.1744293734
-0.1797094111
-0.2254187686
-0.2292759082
-0.2459001331
-0.2534161920
-0.2714290194
-0.3173068920
-0.3466236785
-0.3477418040
-0.3992608621
-0.4279592312
-0.4306359361
-0.4460814092
-0.4469019396
-0.4524783949
-0.4791350115
-0.4961836197
-0.4999616099
-0.5613224591
-0.5630359705
-0.5761649036
-0.6063294422
-0.6229888004
-0.6520758668
-0.6819503733
-0.6998088613
-0.7309061750
-0.7408409247
-0.7435793297
-0.7680137168
-0.7735168265
-0.8015400670
-0.8496917463
-0.8616337705
-0.8715593191
-0.8765344492
-0.8803269094
-0.8967248517
-0.9085912459
-0.9238869845
-0.9402331447
-0.9577216681
-0.9795116938
-1.0087441692
-1.0307622118
-1.0347132752
-1.0348943235
-1.0849394671
-1.0968827209
-1.1032371516
-1.1200136699
-1.1252830301
-1.1333309101
-1.1512690177
-1.1746142083
-1.1807896341
-1.1924503806
-1.1985974584
-1.2004171134
-1.2333795548
-1.2373292465
-1.2436681401
-1.2505366718
-1.2692916087
-1.2863907458
-1.3113706839
-1.3240148840
-1.3391510992
-1.3475312926
-1.3476462618
-1.3712647572
-1.3798923333
-1.3976365325
-1.4189409190
-1.4377563836
-1.4596636999
-1.4761487984
-1.4781335514
-1.5017677869
-1.5018496978
-1.5511323909
-1.5772378965
-1.5887605927
-1.6114256568
-1.6168104905
-1.6225628373
-1.6314926471
-1.6669769078
-1.7002558616
-1.7164174519
-1.7256231211
-1.7643649050
-1.7940094895
-1.8304708538
-1.8328629752
-1.8380397157
-1.8443476527
-1.9215648776
-1.9216517198
-1.9567961265
-2.0283367233
-2.0395547444
-2.0782171522
-2.0965233991
-2.1153542454
-2.1410101220
-2.1509382439
-2.1838592024
-2.1892534033
-2.2104499111
-2.2527403234
-2.2864246133
-2.3294081056
-2.3566739310
-2.4375646704
-2.4387393538
-2.5095837545
-2.5197982892
-2.5380777856
-2.6132134883
-2.7175997571
-2.7230223932
-2.7531485630
-2.8942472303
-2.9587985221
-2.9626996888
-3.0374800574
-3.0501589195
-3.0616730073
-3.0814232106
-3.1074008927
-3.1444562770
-3.2422734049
-3.2452472058
-3.2474434086
-3.2488730747
-3.2829660624
-3.3356790975
-3.3555661275
-3.3874283644
-3.3942590062
-3.4213419901
-3.4336464291
-3.4425984867
-3.4555363668
-3.4638493539
-3.5460437520
-3.5529592462
-3.5996119430
-3.6083845200
-3.6380668394
-3.6428453826
-3.6520743638
-3.6696884305
-3.7180221010
-3.7356515867
-3.7420126400
-3.7999314873
-3.8016278073
-3.8165907061
-3.8586841196
-3.8786924037
-3.8887987856
-3.9129336629
-3.9770700812
-3.9875033807
-4.0008991653
-4.0086946711
-4.0215997568
-4.0273310760
-4.0699589302
-4.0873936978
-4.1067213964
-4.1100624759
-4.1140091652
-4.1646795217
-4.1998490047
-4.2269534643
-4.2325697479
-4.2556115926
-4.2617282703
-4.3137494555
-4.3524624443
-4.3828769936
-4.4244670646
-4.4475219651
-4.5103085808
-4.5293773258
-4.5483670210
-4.5621984603
-4.5744190791
-4.6104367238
-4.6923032780
-4.7004373045
-4.7115506491
-4.7698615688
-4.8413911283
-4.8422953228
-4.8756037074
-4.9401139067
-5.0211690632
-5.1714387747
-5.1722959182
-5.1881823784
-5.2086756089
-5.2675466087
-5.3286293989
-5.5094572932
-5.6001097561
-5.7863714221
-5.9500969037
-5.9662474266
-6.0181784960
-6.0994887542
-6.1538967013
-6.2050357557
-6.2147885181
-6.2219263533
-6.2759273566
-6.2826995064
-6.3691456870
-6.4137461335
-6.4582088019
-6.4584807992
-6.5315429750
-6.5404046992
-6.6825764448
-6.6975853699
-6.7301213485
-6.8151320005
-6.8354584294
-6.8522368762
-6.9103430814
-7.0099719943
-7.0679611958
-7.0875311573
-7.1964969156
-7.2809470380
-7.3430632721
-7.3607782745
-7.5341009066
-7.6130216961
-7.6199535428
-7.8192610697
-7.8624411565
-8.1114534993
-8.6383263994
-9.0961697994
-9.1193302749
-9.2716534310
-9.3240999198
-9.3605311166
-9.6904494818
-9.8239506407
-10.1070914517
-10.7130611324
-12.3690040173
